  -7.5000000e-01
  -2.5000000e-01
  -3.0000000e-01
   6.6600000e+00
   9.9600000e+00
  -3.9400000e+00
  -9.0260000e+01
  -1.9561000e+02
  -2.5001000e+02
  -3.0780000e+01
  -5.6090000e+01
   2.7084000e+02
  -3.7733000e+02
  -3.7766000e+02
  -2.6895000e+02
  -1.2235000e+02
   2.6250000e+01
  -1.5532000e+02
  -2.3448000e+02
  -4.8483000e+02
  -2.1967000e+02
   2.6309000e+02
  -1.0910000e+01
  -1.0155000e+02
   6.8642000e+02
  -1.8948000e+02
   1.6330000e+01
   3.1548000e+02
   1.6218000e+02
   8.2960000e+01
   7.3998000e+02
  -1.4957000e+02
  -3.3379000e+02
  -4.2837000e+02
   5.1033000e+02
   8.8011000e+02
  -8.3700000e+01
   3.2725000e+02
   7.6273000e+02
   7.1781000e+02
   1.1457700e+03
   8.3868000e+02
   7.9540000e+01
  -9.0390000e+01
  -1.9549000e+02
  -2.5114000e+02
  -3.0550000e+01
  -5.5790000e+01
   2.7129000e+02
  -3.7682000e+02
  -2.6944000e+02
  -1.2335000e+02
   2.7100000e+01
  -1.5256000e+02
  -2.3606000e+02
  -4.8418000e+02
  -2.1863000e+02
   2.6064000e+02
  -1.5180000e+01
  -9.0050000e+01
   6.8300000e+02
   2.0730000e+01
   3.1724000e+02
   1.8916000e+02
   9.3240000e+01
   7.3392000e+02
  -2.1375000e+02
  -2.8271000e+02
  -4.6655000e+02
   4.9812000e+02
   8.7503000e+02
  -6.2010000e+01
   2.4174000e+02
   8.6020000e+02
   7.3016000e+02
   1.2384900e+03
   8.4814000e+02
  -7.6800000e+00
  -6.8000000e-01
  -3.2000000e-01
  -1.7600000e+00
   4.5000000e+00
   5.0000000e-01
   3.5200000e+00
   9.0660000e+01
   1.9503000e+02
   2.4985000e+02
   3.1530000e+01
   4.4630000e+01
  -2.7235000e+02
   3.7754000e+02
   3.7794000e+02
   2.7152000e+02
   1.2081000e+02
  -2.7200000e+01
   1.5495000e+02
   2.3743000e+02
   4.8702000e+02
   2.2056000e+02
  -2.5442000e+02
   1.8410000e+01
   9.8350000e+01
  -6.8702000e+02
   1.8097000e+02
  -2.3620000e+01
  -3.2132000e+02
  -1.7774000e+02
  -9.4980000e+01
  -7.3805000e+02
   2.0832000e+02
   2.8170000e+02
   4.4098000e+02
  -4.9731000e+02
  -8.7855000e+02
   6.1890000e+01
  -2.4374000e+02
  -8.4685000e+02
  -7.2872000e+02
  -1.2107900e+03
  -8.6188000e+02
   1.7330000e+01
   9.0400000e+01
   1.9471000e+02
   2.5224000e+02
   2.8760000e+01
   4.7410000e+01
  -2.7268000e+02
   3.7818000e+02
   2.6536000e+02
   1.1787000e+02
  -2.7630000e+01
   1.5261000e+02
   2.3716000e+02
   4.8617000e+02
   2.2243000e+02
  -2.5250000e+02
   1.8170000e+01
   9.1050000e+01
  -6.8333000e+02
  -2.2470000e+01
  -3.2172000e+02
  -1.8071000e+02
  -9.2810000e+01
  -7.3274000e+02
   2.1126000e+02
   2.8456000e+02
   4.4364000e+02
  -4.9433000e+02
  -8.8094000e+02
   6.6970000e+01
  -2.4811000e+02
  -8.4497000e+02
  -7.3036000e+02
  -1.2117500e+03
  -8.5787000e+02
   1.4950000e+01
   6.8375000e+02
   1.8000000e+03
   1.7980000e+03
   1.8000000e+03
   6.8375000e+02
   1.8000000e+03
   1.8000000e+03
   1.8000000e+03
   6.8375000e+02
   6.8375000e+02
   1.8000000e+03
   1.8000000e+03
   1.8000000e+03
   1.8000000e+03
   1.8000000e+03
   1.8000000e+03
   1.8000000e+03
   1.8000000e+03
   1.8000000e+03
   1.8000000e+03
   1.8000000e+03
   1.8000000e+03
   1.8000000e+03
   1.8000000e+03
   1.8000000e+03
   1.8000000e+03
   1.8000000e+03
   1.8000000e+03
   6.8375000e+02
   1.8000000e+03
   1.8000000e+03
   1.8000000e+03
   6.8375000e+02
   1.8000000e+03
   1.8000000e+03
   1.8000000e+03
   1.8000000e+03
   1.8000000e+03
   1.8000000e+03
   1.8000000e+03
   1.8000000e+03
   1.8000000e+03
   1.8000000e+03
   1.8000000e+03
   1.8000000e+03
   1.8000000e+03
   1.8000000e+03
   1.8000000e+03
   1.8000000e+03
   1.8000000e+03
   6.8375000e+02
   1.8000000e+03
   1.8020000e+03
   1.8000000e+03
   6.8375000e+02
   1.8000000e+03
   1.8000000e+03
   1.8000000e+03
   6.8375000e+02
   6.8375000e+02
   1.8000000e+03
   1.8000000e+03
   1.8000000e+03
   1.8000000e+03
   1.8000000e+03
   1.8000000e+03
   1.8000000e+03
   1.8000000e+03
   1.8000000e+03
   1.8000000e+03
   1.8000000e+03
   1.8000000e+03
   1.8000000e+03
   1.8000000e+03
   1.8000000e+03
   1.8000000e+03
   1.8000000e+03
   1.8000000e+03
   6.8375000e+02
   1.8000000e+03
   1.8000000e+03
   1.8000000e+03
   6.8375000e+02
   1.8000000e+03
   1.8000000e+03
   1.8000000e+03
   1.8000000e+03
   1.8000000e+03
   1.8000000e+03
   1.8000000e+03
   1.8000000e+03
   1.8000000e+03
   1.8000000e+03
   1.8000000e+03
   1.8000000e+03
   1.8000000e+03
   1.8000000e+03
   1.8000000e+03
   1.8000000e+03
   1.8000000e+03
