   6.8560000e+02
   8.9136000e+02
   1.1009200e+03
   1.2807000e+03
   1.0645600e+03
   1.3016700e+03
   6.8606000e+02
   8.5673000e+02
   1.0022100e+03
   1.2152000e+03
   1.1882500e+03
   1.3245300e+03
   1.3528200e+03
   7.9436000e+02
   9.6993000e+02
   1.2283800e+03
   1.2052800e+03
   1.1414300e+03
   5.1461000e+02
   9.2339000e+02
   9.4860000e+02
   1.0990800e+03
   1.1659500e+03
   1.2303200e+03
   9.9968000e+02
   1.6796400e+03
   8.8724000e+02
   1.0986000e+03
   1.0254100e+03
   1.0644700e+03
   1.1280900e+03
   1.1323400e+03
   1.1414600e+03
   9.3853000e+02
   1.4381400e+03
   9.1478000e+02
   1.0980500e+03
   1.3382000e+03
   9.5038000e+02
   1.2289400e+03
   1.3689300e+03
   1.1600800e+03
   5.5059000e+02
   6.8829000e+02
   8.5659000e+02
   1.0047300e+03
   1.2144500e+03
   1.1898900e+03
   1.3431500e+03
   7.9632000e+02
   9.7168000e+02
   1.2219700e+03
   1.2125300e+03
   1.1592900e+03
   5.1438000e+02
   9.1958000e+02
   9.5358000e+02
   1.1025100e+03
   1.1682800e+03
   1.2544400e+03
   1.0024600e+03
   8.8936000e+02
   1.1090900e+03
   1.0499600e+03
   1.0800200e+03
   1.1066900e+03
   1.1139800e+03
   1.2057900e+03
   9.8032000e+02
   1.4095600e+03
   9.0109000e+02
   1.1189000e+03
   1.2622400e+03
   8.9382000e+02
   1.2111800e+03
   1.3951700e+03
   1.1652900e+03
   5.3761000e+02
   6.8709000e+02
   8.9126000e+02
   1.0997100e+03
   1.2751100e+03
   1.0739400e+03
   1.2927300e+03
   6.8852000e+02
   8.5974000e+02
   1.0016200e+03
   1.2142400e+03
   1.1779700e+03
   1.3325000e+03
   1.3529500e+03
   7.9883000e+02
   9.7149000e+02
   1.2102800e+03
   1.2081800e+03
   1.1485100e+03
   5.1426000e+02
   9.2355000e+02
   9.5922000e+02
   1.0914000e+03
   1.1672000e+03
   1.2386700e+03
   9.9480000e+02
   1.6839000e+03
   8.8521000e+02
   1.1085700e+03
   1.0527300e+03
   1.0812300e+03
   1.1146700e+03
   1.1128300e+03
   1.2467700e+03
   9.9031000e+02
   1.4424300e+03
   9.1148000e+02
   1.1048500e+03
   1.2880400e+03
   8.8715000e+02
   1.1912200e+03
   1.3800700e+03
   1.1189400e+03
   5.3853000e+02
   6.8617000e+02
   8.5736000e+02
   1.0048000e+03
   1.2168200e+03
   1.1860500e+03
   1.3535300e+03
   7.9737000e+02
   9.6821000e+02
   1.2283100e+03
   1.2244800e+03
   1.1513600e+03
   5.2141000e+02
   9.2279000e+02
   9.5008000e+02
   1.0979200e+03
   1.1714400e+03
   1.2476300e+03
   9.9553000e+02
   8.8055000e+02
   1.1072100e+03
   1.0463600e+03
   1.0900800e+03
   1.1030200e+03
   1.1121000e+03
   1.2431200e+03
   9.8863000e+02
   1.4271400e+03
   8.8127000e+02
   1.1073300e+03
   1.2887100e+03
   8.8946000e+02
   1.1809600e+03
   1.3832600e+03
   1.1237700e+03
   5.3868000e+02
  -1.5516238e+00
  -2.8260331e+01
  -5.0936287e+01
  -1.9242104e+01
   4.4168591e+01
  -1.8770725e+02
  -3.5888869e+02
   2.7976356e+02
  -2.6452323e+01
   7.5053975e+01
  -1.6190335e+02
  -6.2303271e+02
  -7.6119254e+01
   1.0916210e+02
  -3.7818429e+01
   4.1108270e+01
  -5.1571959e+02
  -5.9280209e+02
   2.7091897e+02
   1.2418834e+02
   7.9065758e+01
  -3.5301322e+02
   1.3128406e+02
   1.0665055e+02
   5.4713779e+02
   3.7118238e+02
   3.9450416e+02
   2.8315687e+02
   4.3449230e+01
  -1.8072719e+02
  -3.2195945e+02
   2.9495017e+02
   7.8155467e+01
  -1.6180079e+02
  -5.8501735e+02
  -4.9337719e+01
   1.0090118e+02
  -2.9046150e+01
   3.1247795e+01
  -4.9085830e+02
  -5.4323170e+02
   2.1910845e+02
   7.3783062e+01
  -2.9830107e+02
   9.0178201e+01
   1.2197499e+02
   4.8752438e+02
   3.0002009e+02
   5.0868430e+02
   2.1199572e+02
   7.4811014e-01
  -6.8620211e+00
  -2.7059829e+01
  -1.8993606e+01
  -4.0334543e+01
   1.7703176e+02
   2.9765141e+02
  -2.4381153e+02
   3.1915694e+01
  -6.9798805e+01
   1.6486235e+02
   5.6679191e+02
   4.1707111e+01
  -9.1016218e+01
   4.1681543e+01
  -1.6560653e+01
   4.8238037e+02
   5.2000621e+02
  -2.3091409e+02
  -1.1562903e+02
  -8.1694106e+01
   2.6732383e+02
  -1.1059005e+02
  -1.2903163e+02
  -5.2195034e+02
  -2.0474268e+02
  -4.8928994e+02
  -1.3414467e+02
  -4.1430077e+01
   1.6862481e+02
   2.6811230e+02
  -2.5846230e+02
  -7.1253978e+01
   1.5423070e+02
   5.6292725e+02
   3.0339954e+01
  -6.1793166e+01
   4.2088079e+01
  -2.5639154e+01
   4.8978705e+02
   5.4194682e+02
  -2.0632170e+02
  -9.5484024e+01
   2.7132590e+02
  -5.6543249e+01
  -1.2916763e+02
  -5.3243668e+02
  -2.0855456e+02
  -4.8103458e+02
  -1.4653008e+02
