ze. angle  camRot angle   temp (C)     Zn (mm)   n.b. Andy's numbering are different from Noll. Remapping in the code 
0.000e+00   0.000e+00   -9.900e+01   -3.679e-02   -2.337e-03   1.992e-05   -5.661e-08   3.325e-03   -6.139e-04   1.770e-03   1.233e-05   -2.681e-08   -2.070e-08   -8.948e-07   -1.072e-07   2.373e-04   2.733e-05   2.071e-04   -1.223e-04   2.771e-05   7.292e-06   4.403e-07   -3.031e-06   -3.286e-07   -6.366e-09   -2.268e-05   -6.133e-10   -8.192e-07   1.534e-06   -3.544e-06   -1.841e-04   
9.000e+01   0.000e+00   -9.900e+01   -1.311e-03   -7.840e-03   -7.797e-05   1.408e-05   -2.334e-06   -4.203e-03   2.258e-05   -2.598e-05   5.362e-06   -1.068e-06   6.851e-07   -5.172e-06   2.244e-06   -6.133e-05   -3.783e-04   -1.592e-04   1.086e-06   -2.957e-06   1.884e-06   -3.551e-06   4.456e-06   -1.259e-06   4.055e-07   -9.605e-06   3.007e-06   2.325e-06   -1.093e-05   -1.902e-05   
9.000e+01   9.000e+01   -9.900e+01   -2.042e-05   7.320e-05   6.289e-03   -3.303e-03   -2.272e-07   -3.041e-06   -6.846e-07   -5.212e-06   -2.516e-05   -3.356e-06   3.871e-04   -4.628e-05   1.650e-06   -1.580e-06   -6.060e-07   -1.165e-06   9.557e-06   -8.070e-06   -3.100e-06   2.382e-07   1.760e-04   1.635e-06   2.978e-06   2.529e-06   1.341e-06   -2.871e-06   5.143e-07   2.554e-07   
-9.900e+01   -9.900e+01   -1.000e+01   6.317e-01   1.040e-02   1.641e-03   -2.174e-05   -2.223e-04   5.740e-05   -1.699e-05   -7.701e-06   -1.177e-06   -1.521e-06   -1.334e-06   -6.320e-07   2.300e-06   5.189e-07   1.440e-05   -8.857e-06   -1.093e-06   -1.381e-06   -4.585e-07   3.314e-07   2.930e-07   -1.384e-06   -2.554e-07   -6.482e-07   -7.345e-06   1.796e-06   -2.614e-07   -4.100e-06   
-9.900e+01   -9.900e+01   -5.000e+00   5.359e-01   8.823e-03   4.108e-04   -2.705e-05   -1.885e-04   4.625e-05   -1.444e-05   -6.351e-06   -3.121e-07   -1.077e-06   -1.001e-06   -5.653e-07   1.794e-06   3.221e-07   1.228e-05   -7.384e-06   -1.009e-06   -1.153e-06   -2.289e-07   2.380e-07   3.246e-07   -8.792e-07   -3.197e-07   -4.301e-07   -6.221e-06   1.280e-06   -1.857e-07   -3.703e-06   
-9.900e+01   -9.900e+01   0.000e+00   4.400e-01   7.247e-03   -8.196e-04   -3.236e-05   -1.547e-04   3.510e-05   -1.190e-05   -5.001e-06   5.529e-07   -6.324e-07   -6.677e-07   -4.986e-07   1.289e-06   1.253e-07   1.015e-05   -5.910e-06   -9.257e-07   -9.238e-07   7.129e-10   1.445e-07   3.563e-07   -3.748e-07   -3.840e-07   -2.121e-07   -5.098e-06   7.648e-07   -1.100e-07   -3.305e-06   
-9.900e+01   -9.900e+01   5.000e+00   3.442e-01   5.670e-03   -2.050e-03   -3.766e-05   -1.209e-04   2.395e-05   -9.360e-06   -3.651e-06   1.418e-06   -1.878e-07   -3.347e-07   -4.319e-07   7.829e-07   -7.150e-08   8.025e-06   -4.437e-06   -8.420e-07   -6.950e-07   2.303e-07   5.103e-08   3.879e-07   1.297e-07   -4.483e-07   5.936e-09   -3.974e-06   2.495e-07   -3.431e-08   -2.908e-06   
-9.900e+01   -9.900e+01   1.000e+01   2.483e-01   4.092e-03   -3.285e-03   -4.309e-05   -8.720e-05   1.302e-05   -6.895e-06   -2.560e-06   2.319e-06   1.297e-07   -1.688e-07   -2.849e-07   4.935e-07   -9.389e-08   5.938e-06   -3.221e-06   -7.171e-07   -5.184e-07   4.697e-07   -2.603e-08   2.594e-07   2.307e-07   -3.893e-07   5.301e-08   -2.890e-06   2.804e-08   2.610e-08   -1.959e-06   
-9.900e+01   -9.900e+01   1.500e+01   1.524e-01   2.513e-03   -4.522e-03   -4.859e-05   -5.361e-05   2.242e-06   -4.482e-06   -1.640e-06   3.245e-06   3.625e-07   -1.143e-07   -8.441e-08   3.483e-07   -2.289e-11   3.877e-06   -2.177e-06   -5.648e-07   -3.765e-07   7.157e-07   -9.214e-08   2.425e-08   6.268e-08   -2.479e-07   -1.390e-08   -1.833e-06   2.620e-09   7.630e-08   -6.423e-07   
-9.900e+01   -9.900e+01   2.000e+01   5.658e-02   9.344e-04   -5.759e-03   -5.409e-05   -2.003e-05   -8.538e-06   -2.070e-06   -7.199e-07   4.170e-06   5.953e-07   -5.972e-08   1.161e-07   2.030e-07   9.385e-08   1.816e-06   -1.134e-06   -4.125e-07   -2.347e-07   9.616e-07   -1.583e-07   -2.109e-07   -1.053e-07   -1.066e-07   -8.081e-08   -7.750e-07   -2.280e-08   1.265e-07   6.741e-07   
-9.900e+01   -9.900e+01   2.500e+01   -3.928e-02   -6.446e-04   -6.996e-03   -5.960e-05   1.356e-05   -1.932e-05   3.433e-07   1.999e-07   5.096e-06   8.281e-07   -5.167e-09   3.166e-07   5.776e-08   1.877e-07   -2.455e-07   -8.963e-08   -2.602e-07   -9.280e-08   1.208e-06   -2.244e-07   -4.461e-07   -2.733e-07   3.476e-08   -1.477e-07   2.826e-07   -4.822e-08   1.767e-07   1.991e-06   
