ze. angle  camRot angle   temp (C)     Zn (mm)   n.b. Andy's numbering are different from Noll. Remapping in the code
0.000e+00   0.000e+00   -9.900e+01   -3.679e-02   -2.341e-03   -4.238e-06   -1.172e-06   3.336e-03   -6.184e-04   1.773e-03   1.293e-05   -2.691e-07   -2.234e-06   -4.384e-05   -1.594e-07   2.364e-04   5.214e-06   2.067e-04   -1.291e-04   2.313e-05   7.209e-06   1.877e-07   -7.060e-07   -4.155e-07   -4.194e-07   -2.727e-06   -1.522e-07   -7.318e-07   6.079e-06   2.751e-07   -1.851e-04   
9.000e+01   0.000e+00   -9.900e+01   -1.312e-03   -7.840e-03   -7.474e-05   1.241e-05   -5.760e-06   -4.202e-03   1.995e-05   -2.794e-05   1.990e-05   -1.384e-07   1.625e-08   9.349e-07   -4.688e-08   -6.158e-05   -3.774e-04   -1.613e-04   -7.820e-07   -3.443e-06   4.827e-06   -3.032e-06   2.222e-05   1.691e-06   -3.795e-07   1.334e-08   3.919e-06   3.126e-06   -3.204e-06   -1.597e-05   
9.000e+01   9.000e+01   -9.900e+01   -1.975e-05   7.403e-05   6.291e-03   -3.303e-03   1.509e-06   -5.587e-06   3.649e-07   -1.318e-05   -2.534e-05   -3.054e-06   3.871e-04   -4.656e-05   1.644e-06   5.619e-07   -8.756e-07   4.554e-06   7.056e-06   -7.694e-06   -3.198e-06   -4.736e-08   1.755e-04   1.165e-07   2.069e-06   3.106e-06   5.908e-07   -1.364e-07   1.990e-07   4.633e-07   
-9.900e+01   -9.900e+01   -1.000e+01   6.306e-01   1.040e-02   1.641e-03   -2.201e-05   3.874e-05   5.716e-05   -1.620e-05   -7.123e-06   -5.060e-07   -2.181e-06   -3.541e-07   5.941e-08   6.106e-06   1.716e-06   1.471e-05   -7.943e-06   -1.359e-06   -1.437e-06   -5.291e-09   4.891e-07   4.381e-07   1.264e-08   -7.068e-08   9.311e-08   -5.084e-06   5.990e-07   5.762e-07   -6.255e-06   
-9.900e+01   -9.900e+01   -5.000e+00   5.350e-01   8.823e-03   4.108e-04   -2.729e-05   3.287e-05   4.615e-05   -1.392e-05   -6.046e-06   1.680e-07   -1.591e-06   -4.090e-07   1.791e-08   5.193e-06   1.271e-06   1.236e-05   -6.864e-06   -1.246e-06   -1.245e-06   6.967e-08   2.166e-07   3.392e-07   9.057e-09   -1.490e-07   7.056e-08   -4.524e-06   4.092e-07   4.044e-07   -5.202e-06   
-9.900e+01   -9.900e+01   0.000e+00   4.393e-01   7.247e-03   -8.198e-04   -3.257e-05   2.699e-05   3.514e-05   -1.164e-05   -4.969e-06   8.420e-07   -1.001e-06   -4.639e-07   -2.359e-08   4.280e-06   8.252e-07   1.000e-05   -5.784e-06   -1.133e-06   -1.053e-06   1.446e-07   -5.585e-08   2.402e-07   5.470e-09   -2.273e-07   4.800e-08   -3.964e-06   2.193e-07   2.325e-07   -4.149e-06   
-9.900e+01   -9.900e+01   5.000e+00   3.436e-01   5.670e-03   -2.050e-03   -3.785e-05   2.111e-05   2.413e-05   -9.365e-06   -3.893e-06   1.516e-06   -4.110e-07   -5.188e-07   -6.509e-08   3.367e-06   3.798e-07   7.653e-06   -4.704e-06   -1.020e-06   -8.610e-07   2.196e-07   -3.283e-07   1.413e-07   1.883e-09   -3.055e-07   2.545e-08   -3.405e-06   2.948e-08   6.069e-08   -3.096e-06   
-9.900e+01   -9.900e+01   1.000e+01   2.479e-01   4.092e-03   -3.285e-03   -4.322e-05   1.529e-05   1.303e-05   -7.018e-06   -2.801e-06   2.398e-06   1.013e-08   -4.021e-07   -2.133e-07   2.481e-06   1.404e-07   5.589e-06   -3.469e-06   -8.589e-07   -6.241e-07   4.279e-07   -3.925e-07   5.164e-08   -3.246e-08   -2.861e-07   1.002e-08   -2.450e-06   -4.214e-08   -2.979e-08   -2.193e-06   
-9.900e+01   -9.900e+01   1.500e+01   1.522e-01   2.513e-03   -4.522e-03   -4.864e-05   9.504e-06   1.864e-06   -4.625e-06   -1.700e-06   3.419e-06   3.187e-07   -1.709e-07   -4.328e-07   1.613e-06   3.846e-08   3.716e-06   -2.131e-06   -6.660e-07   -3.572e-07   7.251e-07   -3.179e-07   -3.176e-08   -8.732e-08   -2.014e-07   -6.701e-10   -1.233e-06   -3.496e-08   -6.605e-08   -1.389e-06   
-9.900e+01   -9.900e+01   2.000e+01   5.648e-02   9.343e-04   -5.759e-03   -5.407e-05   3.717e-06   -9.302e-06   -2.231e-06   -5.991e-07   4.440e-06   6.274e-07   6.026e-08   -6.522e-07   7.444e-07   -6.348e-08   1.843e-06   -7.928e-07   -4.730e-07   -9.030e-08   1.022e-06   -2.433e-07   -1.152e-07   -1.422e-07   -1.168e-07   -1.136e-08   -1.573e-08   -2.777e-08   -1.023e-07   -5.846e-07   
-9.900e+01   -9.900e+01   2.500e+01   -3.921e-02   -6.447e-04   -6.996e-03   -5.949e-05   -2.070e-06   -2.047e-05   1.620e-07   5.019e-07   5.461e-06   9.360e-07   2.914e-07   -8.716e-07   -1.239e-07   -1.654e-07   -2.983e-08   5.453e-07   -2.801e-07   1.766e-07   1.320e-06   -1.686e-07   -1.986e-07   -1.970e-07   -3.218e-08   -2.205e-08   1.202e-06   -2.059e-08   -1.386e-07   2.195e-07   
