ze. angle  camRot angle   temp (C)     Zn (mm)   n.b. Andy's numbering are different from Noll. Remapping in the code
0.000e+00   0.000e+00   -9.900e+01   -9.737e-02   -1.553e-03   4.367e-06   -8.796e-08   2.099e-03   2.889e-06   8.402e-04   4.523e-04   3.478e-07   1.975e-07   9.172e-07   -3.694e-08   -2.444e-04   -5.041e-09   2.336e-05   -1.503e-04   -4.928e-04   3.316e-04   -1.673e-06   -2.834e-07   -4.890e-08   5.010e-08   4.754e-07   2.687e-08   5.755e-05   -2.297e-07   6.261e-05   -1.100e-05   
9.000e+01   0.000e+00   -9.900e+01   -2.467e-03   -1.665e-02   -1.063e-04   -4.640e-07   8.654e-05   -8.559e-04   -2.507e-05   5.387e-06   5.348e-05   -6.022e-07   -8.409e-07   -2.758e-07   8.518e-05   9.965e-05   1.923e-04   3.085e-05   1.500e-05   2.175e-06   3.030e-05   2.005e-06   -1.974e-06   1.366e-07   -2.042e-07   -1.391e-07   7.767e-05   5.443e-05   1.277e-04   1.320e-04   
9.000e+01   9.000e+01   -9.900e+01   -1.813e-05   1.061e-04   -2.908e-03   -9.051e-04   7.756e-07   -3.300e-08   3.182e-06   -5.385e-06   9.384e-06   -1.177e-06   2.068e-05   3.517e-05   -1.071e-06   1.336e-08   -1.860e-09   1.577e-06   3.480e-06   -5.471e-06   1.786e-06   1.183e-06   1.110e-05   9.630e-06   -1.466e-05   -2.598e-06   -8.124e-07   1.136e-08   7.563e-08   -4.006e-08   
-9.900e+01   -9.900e+01   -1.000e+01   6.114e-01   6.806e-03   9.660e-04   -6.670e-06   3.773e-04   7.298e-05   8.666e-05   -8.725e-06   2.024e-06   6.055e-06   -6.771e-08   -1.719e-06   -4.767e-05   -2.089e-06   -9.462e-06   3.501e-06   -9.534e-06   1.580e-06   -5.179e-07   -8.500e-07   6.231e-07   -3.226e-07   7.924e-07   -8.197e-08   4.154e-06   1.000e-06   1.281e-06   -6.860e-06   
-9.900e+01   -9.900e+01   -5.000e+00   5.186e-01   5.761e-03   1.399e-04   -1.149e-05   3.202e-04   6.233e-05   7.340e-05   -7.333e-06   2.644e-06   5.568e-06   -3.898e-07   -1.242e-06   -4.079e-05   -1.686e-06   -8.018e-06   3.065e-06   -8.359e-06   1.421e-06   -5.815e-07   -9.263e-07   7.056e-07   -2.588e-07   5.726e-07   -1.958e-07   3.401e-06   7.398e-07   9.923e-07   -5.774e-06   
-9.900e+01   -9.900e+01   0.000e+00   4.258e-01   4.717e-03   -6.861e-04   -1.630e-05   2.631e-04   5.168e-05   6.014e-05   -5.941e-06   3.263e-06   5.081e-06   -7.119e-07   -7.646e-07   -3.390e-05   -1.283e-06   -6.573e-06   2.628e-06   -7.185e-06   1.262e-06   -6.451e-07   -1.003e-06   7.881e-07   -1.949e-07   3.529e-07   -3.097e-07   2.649e-06   4.796e-07   7.039e-07   -4.688e-06   
-9.900e+01   -9.900e+01   5.000e+00   3.330e-01   3.673e-03   -1.512e-03   -2.112e-05   2.060e-04   4.104e-05   4.688e-05   -4.549e-06   3.882e-06   4.593e-06   -1.034e-06   -2.875e-07   -2.701e-05   -8.793e-07   -5.129e-06   2.192e-06   -6.010e-06   1.102e-06   -7.086e-07   -1.079e-06   8.706e-07   -1.310e-07   1.331e-07   -4.235e-07   1.897e-06   2.195e-07   4.156e-07   -3.602e-06   
-9.900e+01   -9.900e+01   1.000e+01   2.402e-01   2.627e-03   -2.341e-03   -2.585e-05   1.491e-04   3.024e-05   3.366e-05   -3.288e-06   4.492e-06   4.218e-06   -1.282e-06   2.682e-07   -1.971e-05   -5.652e-07   -3.613e-06   1.609e-06   -4.554e-06   8.893e-07   -8.963e-07   -8.550e-07   8.247e-07   -7.410e-08   2.893e-08   -3.595e-07   1.320e-06   1.434e-07   3.946e-07   -2.303e-06   
-9.900e+01   -9.900e+01   1.500e+01   1.474e-01   1.581e-03   -3.171e-03   -3.052e-05   9.246e-05   1.935e-05   2.046e-05   -2.114e-06   5.094e-06   3.918e-06   -1.480e-06   8.761e-07   -1.214e-05   -3.106e-07   -2.049e-06   9.292e-07   -2.909e-06   6.407e-07   -1.167e-06   -4.308e-07   6.933e-07   -2.181e-08   1.843e-09   -1.770e-07   8.613e-07   1.902e-07   5.518e-07   -8.618e-07   
-9.900e+01   -9.900e+01   2.000e+01   5.458e-02   5.347e-04   -4.001e-03   -3.520e-05   3.577e-05   8.461e-06   7.260e-06   -9.393e-07   5.697e-06   3.619e-06   -1.678e-06   1.484e-06   -4.569e-06   -5.599e-08   -4.855e-07   2.490e-07   -1.264e-06   3.922e-07   -1.437e-06   -6.621e-09   5.618e-07   3.047e-08   -2.524e-08   5.545e-09   4.021e-07   2.369e-07   7.090e-07   5.796e-07   
-9.900e+01   -9.900e+01   2.500e+01   -3.822e-02   -5.114e-04   -4.832e-03   -3.987e-05   -2.091e-05   -2.430e-06   -5.941e-06   2.349e-07   6.299e-06   3.319e-06   -1.875e-06   2.092e-06   3.002e-06   1.986e-07   1.078e-06   -4.312e-07   3.802e-07   1.436e-07   -1.708e-06   4.176e-07   4.304e-07   8.276e-08   -5.232e-08   1.881e-07   -5.705e-08   2.836e-07   8.662e-07   2.021e-06   
