ze. angle  camRot angle   temp (C)     Zn (mm)   n.b. Andy's numbering are different from Noll. Remapping in the code
0.000e+00   0.000e+00   -9.900e+01   -9.737e-02   -1.649e-03   8.018e-06   -8.825e-08   2.108e-03   1.061e-06   9.653e-04   2.586e-04   -7.345e-07   6.717e-09   6.618e-07   3.663e-07   -2.471e-04   5.631e-08   -2.434e-05   2.697e-06   3.474e-05   1.434e-04   9.239e-07   -3.518e-08   -1.038e-07   -1.129e-07   6.443e-07   -2.237e-07   5.145e-05   -7.311e-08   -2.010e-05   -2.733e-05   
9.000e+01   0.000e+00   -9.900e+01   -2.457e-03   -1.665e-02   -1.202e-04   -1.225e-06   1.275e-04   -8.964e-04   -1.455e-04   1.805e-05   9.813e-05   1.273e-05   8.087e-07   -5.118e-08   1.352e-04   7.461e-05   1.176e-04   1.710e-05   -7.223e-05   1.111e-05   -4.271e-06   5.102e-06   -1.135e-06   -3.539e-08   -2.966e-07   1.396e-07   1.116e-04   3.450e-05   -8.499e-05   2.340e-05   
9.000e+01   9.000e+01   -9.900e+01   -1.767e-05   1.025e-04   -2.908e-03   -9.050e-04   -1.572e-07   2.667e-07   -8.769e-06   -2.307e-05   1.039e-05   -2.094e-07   9.724e-06   3.515e-05   5.545e-07   -4.460e-07   2.600e-08   -4.754e-06   1.174e-06   -1.135e-05   2.390e-06   -5.215e-06   1.231e-05   4.012e-06   -2.413e-05   -3.073e-06   1.500e-06   1.281e-09   4.205e-08   -1.333e-08   
-9.900e+01   -9.900e+01   -1.000e+01   6.103e-01   6.805e-03   9.659e-04   -6.405e-06   6.902e-05   7.222e-05   8.658e-05   -8.747e-06   2.168e-06   7.646e-06   -1.748e-06   -6.040e-07   -3.665e-05   -2.711e-06   -8.515e-06   4.467e-06   -9.729e-06   1.254e-06   -5.238e-07   3.320e-07   1.051e-06   2.416e-07   5.198e-07   9.611e-07   1.118e-05   -1.131e-07   1.649e-06   -7.828e-06   
-9.900e+01   -9.900e+01   -5.000e+00   5.176e-01   5.761e-03   1.398e-04   -1.131e-05   5.881e-05   6.184e-05   7.327e-05   -7.392e-06   2.621e-06   6.877e-06   -1.646e-06   -4.466e-07   -3.104e-05   -2.070e-06   -7.310e-06   3.802e-06   -8.474e-06   1.159e-06   -6.791e-07   3.931e-08   1.031e-06   1.655e-07   3.647e-07   5.568e-07   9.515e-06   1.314e-07   1.327e-06   -6.058e-06   
-9.900e+01   -9.900e+01   0.000e+00   4.250e-01   4.717e-03   -6.863e-04   -1.621e-05   4.861e-05   5.146e-05   5.996e-05   -6.037e-06   3.075e-06   6.107e-06   -1.544e-06   -2.892e-07   -2.544e-05   -1.430e-06   -6.106e-06   3.137e-06   -7.219e-06   1.063e-06   -8.344e-07   -2.534e-07   1.010e-06   8.947e-08   2.096e-07   1.525e-07   7.855e-06   3.759e-07   1.005e-06   -4.288e-06   
-9.900e+01   -9.900e+01   5.000e+00   3.324e-01   3.673e-03   -1.512e-03   -2.111e-05   3.841e-05   4.109e-05   4.665e-05   -4.682e-06   3.528e-06   5.338e-06   -1.443e-06   -1.318e-07   -1.983e-05   -7.892e-07   -4.901e-06   2.471e-06   -5.963e-06   9.680e-07   -9.897e-07   -5.461e-07   9.896e-07   1.343e-08   5.448e-08   -2.518e-07   6.194e-06   6.205e-07   6.829e-07   -2.518e-06   
-9.900e+01   -9.900e+01   1.000e+01   2.397e-01   2.627e-03   -2.341e-03   -2.590e-05   2.822e-05   3.032e-05   3.353e-05   -3.432e-06   4.221e-06   4.669e-06   -1.505e-06   2.472e-07   -1.435e-05   -4.447e-07   -3.484e-06   1.724e-06   -4.393e-06   7.547e-07   -1.069e-06   -5.608e-07   8.744e-07   -1.300e-08   8.393e-09   -3.622e-07   4.488e-06   5.333e-07   5.244e-07   -1.388e-06   
-9.900e+01   -9.900e+01   1.500e+01   1.471e-01   1.581e-03   -3.171e-03   -3.061e-05   1.804e-05   1.931e-05   2.056e-05   -2.251e-06   5.073e-06   4.067e-06   -1.677e-06   7.739e-07   -8.963e-06   -2.975e-07   -1.926e-06   9.208e-07   -2.613e-06   4.629e-07   -1.098e-06   -3.901e-07   6.962e-07   -6.352e-09   3.498e-08   -2.766e-07   2.751e-06   2.250e-07   4.752e-07   -6.855e-07   
-9.900e+01   -9.900e+01   2.000e+01   5.448e-02   5.347e-04   -4.002e-03   -3.532e-05   7.867e-06   8.290e-06   7.576e-06   -1.071e-06   5.925e-06   3.466e-06   -1.849e-06   1.301e-06   -3.574e-06   -1.503e-07   -3.670e-07   1.179e-07   -8.327e-07   1.710e-07   -1.126e-06   -2.194e-07   5.180e-07   2.939e-10   6.158e-08   -1.910e-07   1.014e-06   -8.335e-08   4.259e-07   1.713e-08   
-9.900e+01   -9.900e+01   2.500e+01   -3.815e-02   -5.115e-04   -4.832e-03   -4.003e-05   -2.308e-06   -2.727e-06   -5.403e-06   1.098e-07   6.777e-06   2.864e-06   -2.021e-06   1.827e-06   1.815e-06   -3.066e-09   1.192e-06   -6.850e-07   9.475e-07   -1.209e-07   -1.155e-06   -4.864e-08   3.398e-07   6.940e-09   8.817e-08   -1.054e-07   -7.224e-07   -3.917e-07   3.767e-07   7.197e-07   
