ze. angle  camRot angle   temp (C)     Zn (mm)   n.b. Andy's numbering are different from Noll. Remapping in the code
0.000e+00   0.000e+00   -9.900e+01   -1.018e-02   4.444e-06   -1.291e-05   -1.146e-09   4.539e-04   -2.952e-05   -3.068e-05   -1.562e-08   3.764e-08   1.108e-07   -4.135e-09   -6.048e-10   -3.380e-06   6.218e-08   1.085e-05   -3.707e-08   1.655e-07   -1.442e-09   -2.261e-09   -4.345e-08   -3.644e-08   -1.044e-12   -1.525e-10   1.135e-10   -1.373e-06   7.865e-08   -1.423e-07   1.693e-07   
9.000e+01   0.000e+00   -9.900e+01   -6.895e-05   -8.607e-04   -2.488e-07   1.150e-08   1.170e-07   -9.228e-05   -4.682e-05   -1.350e-05   -1.759e-08   -1.756e-08   -1.186e-11   9.839e-10   7.743e-09   -3.362e-07   -9.977e-06   -1.926e-05   2.338e-07   -1.335e-06   -5.058e-10   1.639e-10   1.240e-09   -5.094e-12   2.633e-12   1.159e-10   -6.117e-09   2.227e-07   1.188e-07   -1.261e-06   
9.000e+01   9.000e+01   -9.900e+01   -1.183e-05   -8.392e-06   -1.042e-03   -9.766e-05   -2.650e-09   -6.292e-09   -3.019e-07   -4.389e-08   -1.344e-05   6.836e-05   9.681e-06   -6.066e-07   2.605e-09   7.082e-11   3.615e-08   2.008e-08   -4.589e-10   -7.922e-09   -1.402e-06   -3.650e-07   -1.149e-05   -5.877e-07   -6.845e-08   1.641e-07   7.176e-09   -1.653e-10   1.599e-08   -8.318e-12   
-9.900e+01   -9.900e+01   -1.000e+01   0.000e+00   0.000e+00   0.000e+00   0.000e+00   0.000e+00   0.000e+00   0.000e+00   0.000e+00   0.000e+00   0.000e+00   0.000e+00   0.000e+00   0.000e+00   0.000e+00   0.000e+00   0.000e+00   0.000e+00   0.000e+00   0.000e+00   0.000e+00   0.000e+00   0.000e+00   0.000e+00   0.000e+00   0.000e+00   0.000e+00   0.000e+00   0.000e+00   
-9.900e+01   -9.900e+01   -5.000e+00   0.000e+00   0.000e+00   0.000e+00   0.000e+00   0.000e+00   0.000e+00   0.000e+00   0.000e+00   0.000e+00   0.000e+00   0.000e+00   0.000e+00   0.000e+00   0.000e+00   0.000e+00   0.000e+00   0.000e+00   0.000e+00   0.000e+00   0.000e+00   0.000e+00   0.000e+00   0.000e+00   0.000e+00   0.000e+00   0.000e+00   0.000e+00   0.000e+00   
-9.900e+01   -9.900e+01   0.000e+00   0.000e+00   0.000e+00   0.000e+00   0.000e+00   0.000e+00   0.000e+00   0.000e+00   0.000e+00   0.000e+00   0.000e+00   0.000e+00   0.000e+00   0.000e+00   0.000e+00   0.000e+00   0.000e+00   0.000e+00   0.000e+00   0.000e+00   0.000e+00   0.000e+00   0.000e+00   0.000e+00   0.000e+00   0.000e+00   0.000e+00   0.000e+00   0.000e+00   
-9.900e+01   -9.900e+01   5.000e+00   0.000e+00   0.000e+00   0.000e+00   0.000e+00   0.000e+00   0.000e+00   0.000e+00   0.000e+00   0.000e+00   0.000e+00   0.000e+00   0.000e+00   0.000e+00   0.000e+00   0.000e+00   0.000e+00   0.000e+00   0.000e+00   0.000e+00   0.000e+00   0.000e+00   0.000e+00   0.000e+00   0.000e+00   0.000e+00   0.000e+00   0.000e+00   0.000e+00   
-9.900e+01   -9.900e+01   1.000e+01   0.000e+00   0.000e+00   0.000e+00   0.000e+00   0.000e+00   0.000e+00   0.000e+00   0.000e+00   0.000e+00   0.000e+00   0.000e+00   0.000e+00   0.000e+00   0.000e+00   0.000e+00   0.000e+00   0.000e+00   0.000e+00   0.000e+00   0.000e+00   0.000e+00   0.000e+00   0.000e+00   0.000e+00   0.000e+00   0.000e+00   0.000e+00   0.000e+00   
-9.900e+01   -9.900e+01   1.500e+01   0.000e+00   0.000e+00   0.000e+00   0.000e+00   0.000e+00   0.000e+00   0.000e+00   0.000e+00   0.000e+00   0.000e+00   0.000e+00   0.000e+00   0.000e+00   0.000e+00   0.000e+00   0.000e+00   0.000e+00   0.000e+00   0.000e+00   0.000e+00   0.000e+00   0.000e+00   0.000e+00   0.000e+00   0.000e+00   0.000e+00   0.000e+00   0.000e+00   
-9.900e+01   -9.900e+01   2.000e+01   0.000e+00   0.000e+00   0.000e+00   0.000e+00   0.000e+00   0.000e+00   0.000e+00   0.000e+00   0.000e+00   0.000e+00   0.000e+00   0.000e+00   0.000e+00   0.000e+00   0.000e+00   0.000e+00   0.000e+00   0.000e+00   0.000e+00   0.000e+00   0.000e+00   0.000e+00   0.000e+00   0.000e+00   0.000e+00   0.000e+00   0.000e+00   0.000e+00   
-9.900e+01   -9.900e+01   2.500e+01   0.000e+00   0.000e+00   0.000e+00   0.000e+00   0.000e+00   0.000e+00   0.000e+00   0.000e+00   0.000e+00   0.000e+00   0.000e+00   0.000e+00   0.000e+00   0.000e+00   0.000e+00   0.000e+00   0.000e+00   0.000e+00   0.000e+00   0.000e+00   0.000e+00   0.000e+00   0.000e+00   0.000e+00   0.000e+00   0.000e+00   0.000e+00   0.000e+00   
