ze. angle  camRot angle   temp (C)     Zn (mm)   n.b. Andy's numbering are different from Noll. Remapping in the code
0.000e+00   0.000e+00   -9.900e+01   -1.018e-02   4.443e-06   -1.290e-05   -4.479e-09   4.545e-04   -2.957e-05   -3.070e-05   -9.627e-09   1.906e-08   1.706e-07   6.621e-09   -1.067e-10   -3.395e-06   2.766e-11   1.084e-05   -8.680e-09   1.988e-07   9.686e-09   -2.442e-08   -6.785e-08   4.350e-08   2.220e-12   1.145e-11   1.452e-11   -1.254e-06   9.933e-08   -9.374e-08   1.956e-07   
9.000e+01   0.000e+00   -9.900e+01   -6.895e-05   -8.606e-04   -2.001e-07   9.554e-09   1.196e-07   -9.229e-05   -4.681e-05   -1.350e-05   -9.601e-09   5.290e-10   1.326e-10   9.218e-11   5.180e-09   -3.477e-07   -9.964e-06   -1.933e-05   2.225e-07   -1.328e-06   -4.496e-09   1.722e-10   3.267e-09   -8.884e-12   3.840e-12   -9.317e-11   -2.535e-08   2.085e-07   1.021e-07   -1.265e-06   
9.000e+01   9.000e+01   -9.900e+01   -1.182e-05   -8.469e-06   -1.042e-03   -9.767e-05   1.017e-08   -1.470e-08   -1.783e-07   -3.716e-08   -1.345e-05   6.839e-05   9.685e-06   -7.157e-07   4.121e-09   -2.856e-10   1.749e-07   -3.241e-09   -4.070e-09   9.382e-09   -1.282e-06   -3.760e-07   -1.150e-05   -6.895e-07   -8.749e-08   1.685e-07   -2.519e-09   -6.291e-11   -1.534e-08   2.236e-12   
-9.900e+01   -9.900e+01   -1.000e+01   0.000e+00   0.000e+00   0.000e+00   0.000e+00   0.000e+00   0.000e+00   0.000e+00   0.000e+00   0.000e+00   0.000e+00   0.000e+00   0.000e+00   0.000e+00   0.000e+00   0.000e+00   0.000e+00   0.000e+00   0.000e+00   0.000e+00   0.000e+00   0.000e+00   0.000e+00   0.000e+00   0.000e+00   0.000e+00   0.000e+00   0.000e+00   0.000e+00   
-9.900e+01   -9.900e+01   -5.000e+00   0.000e+00   0.000e+00   0.000e+00   0.000e+00   0.000e+00   0.000e+00   0.000e+00   0.000e+00   0.000e+00   0.000e+00   0.000e+00   0.000e+00   0.000e+00   0.000e+00   0.000e+00   0.000e+00   0.000e+00   0.000e+00   0.000e+00   0.000e+00   0.000e+00   0.000e+00   0.000e+00   0.000e+00   0.000e+00   0.000e+00   0.000e+00   0.000e+00   
-9.900e+01   -9.900e+01   0.000e+00   0.000e+00   0.000e+00   0.000e+00   0.000e+00   0.000e+00   0.000e+00   0.000e+00   0.000e+00   0.000e+00   0.000e+00   0.000e+00   0.000e+00   0.000e+00   0.000e+00   0.000e+00   0.000e+00   0.000e+00   0.000e+00   0.000e+00   0.000e+00   0.000e+00   0.000e+00   0.000e+00   0.000e+00   0.000e+00   0.000e+00   0.000e+00   0.000e+00   
-9.900e+01   -9.900e+01   5.000e+00   0.000e+00   0.000e+00   0.000e+00   0.000e+00   0.000e+00   0.000e+00   0.000e+00   0.000e+00   0.000e+00   0.000e+00   0.000e+00   0.000e+00   0.000e+00   0.000e+00   0.000e+00   0.000e+00   0.000e+00   0.000e+00   0.000e+00   0.000e+00   0.000e+00   0.000e+00   0.000e+00   0.000e+00   0.000e+00   0.000e+00   0.000e+00   0.000e+00   
-9.900e+01   -9.900e+01   1.000e+01   0.000e+00   0.000e+00   0.000e+00   0.000e+00   0.000e+00   0.000e+00   0.000e+00   0.000e+00   0.000e+00   0.000e+00   0.000e+00   0.000e+00   0.000e+00   0.000e+00   0.000e+00   0.000e+00   0.000e+00   0.000e+00   0.000e+00   0.000e+00   0.000e+00   0.000e+00   0.000e+00   0.000e+00   0.000e+00   0.000e+00   0.000e+00   0.000e+00   
-9.900e+01   -9.900e+01   1.500e+01   0.000e+00   0.000e+00   0.000e+00   0.000e+00   0.000e+00   0.000e+00   0.000e+00   0.000e+00   0.000e+00   0.000e+00   0.000e+00   0.000e+00   0.000e+00   0.000e+00   0.000e+00   0.000e+00   0.000e+00   0.000e+00   0.000e+00   0.000e+00   0.000e+00   0.000e+00   0.000e+00   0.000e+00   0.000e+00   0.000e+00   0.000e+00   0.000e+00   
-9.900e+01   -9.900e+01   2.000e+01   0.000e+00   0.000e+00   0.000e+00   0.000e+00   0.000e+00   0.000e+00   0.000e+00   0.000e+00   0.000e+00   0.000e+00   0.000e+00   0.000e+00   0.000e+00   0.000e+00   0.000e+00   0.000e+00   0.000e+00   0.000e+00   0.000e+00   0.000e+00   0.000e+00   0.000e+00   0.000e+00   0.000e+00   0.000e+00   0.000e+00   0.000e+00   0.000e+00   
-9.900e+01   -9.900e+01   2.500e+01   0.000e+00   0.000e+00   0.000e+00   0.000e+00   0.000e+00   0.000e+00   0.000e+00   0.000e+00   0.000e+00   0.000e+00   0.000e+00   0.000e+00   0.000e+00   0.000e+00   0.000e+00   0.000e+00   0.000e+00   0.000e+00   0.000e+00   0.000e+00   0.000e+00   0.000e+00   0.000e+00   0.000e+00   0.000e+00   0.000e+00   0.000e+00   0.000e+00   
