-0.8702  -0.0000  0.0000  -0.0445  -0.0000  0.0000  0.0000  -0.0000  -0.0000  0.0000  0.0700  -0.0000  -0.0000  -0.0000  0.0000  -0.0000  0.0000  -0.0000  -0.0000  -0.0000  0.0000  -0.0220  -0.0000  0.0000  -0.0000  -0.0000  -0.0000  -0.0000  0.0000  -0.0000  -0.0000  0.0000  0.0000  -0.0000  -0.0000  0.0000  -0.0003  0.0016  0.0059  
-0.7219  -0.5159  -0.0000  -0.0241  0.0000  0.0447  -0.0000  -0.0209  0.0000  0.0015  0.0663  0.0041  0.0000  -0.0000  -0.0000  0.0044  -0.0000  -0.0003  0.0000  -0.0000  -0.0000  -0.0212  0.0000  0.0012  -0.0000  -0.0000  -0.0000  -0.0000  -0.0000  0.0001  0.0000  0.0000  -0.0000  -0.0000  0.0000  -0.0000  -0.0002  0.0022  0.0140  
-0.7219  -0.2580  -0.4468  -0.0241  0.0387  -0.0224  -0.0181  -0.0105  0.0000  -0.0015  0.0663  -0.0021  0.0036  -0.0000  0.0000  0.0022  0.0038  0.0003  0.0000  -0.0000  -0.0000  -0.0212  0.0010  -0.0006  0.0000  -0.0000  -0.0000  0.0000  0.0001  0.0001  0.0000  -0.0000  -0.0000  -0.0000  0.0000  -0.0000  -0.0002  0.0022  0.0131  
-0.7219  0.2580  -0.4468  -0.0241  -0.0387  -0.0224  -0.0181  0.0105  0.0000  0.0015  0.0663  -0.0021  -0.0036  -0.0000  -0.0000  -0.0022  0.0038  -0.0003  0.0000  0.0000  -0.0000  -0.0212  -0.0010  -0.0006  -0.0000  -0.0000  0.0000  0.0000  0.0001  -0.0001  0.0000  0.0000  -0.0000  0.0000  0.0000  0.0000  -0.0002  0.0022  0.0131  
-0.7219  0.5159  -0.0000  -0.0241  -0.0000  0.0447  -0.0000  0.0209  0.0000  -0.0015  0.0663  0.0041  -0.0000  -0.0000  -0.0000  -0.0044  0.0000  0.0003  -0.0000  0.0000  0.0000  -0.0212  -0.0000  0.0012  0.0000  -0.0000  0.0000  -0.0000  0.0000  -0.0001  0.0000  -0.0000  0.0000  0.0000  -0.0000  0.0000  -0.0002  0.0022  0.0140  
-0.7219  0.2580  0.4468  -0.0241  0.0387  -0.0224  0.0181  0.0105  -0.0000  0.0015  0.0663  -0.0021  0.0036  -0.0000  0.0000  -0.0022  -0.0038  -0.0003  -0.0000  0.0000  0.0000  -0.0212  0.0010  -0.0006  0.0000  -0.0000  -0.0000  0.0000  -0.0001  -0.0001  -0.0000  0.0000  0.0000  0.0000  -0.0000  0.0000  -0.0002  0.0022  0.0131  
-0.7219  -0.2580  0.4468  -0.0241  -0.0387  -0.0224  0.0181  -0.0105  -0.0000  -0.0015  0.0663  -0.0021  -0.0036  -0.0000  -0.0000  0.0022  -0.0038  0.0003  -0.0000  -0.0000  0.0000  -0.0212  -0.0010  -0.0006  -0.0000  -0.0000  0.0000  0.0000  -0.0001  0.0001  -0.0000  -0.0000  0.0000  -0.0000  -0.0000  -0.0000  -0.0002  0.0022  0.0131  
-0.1882  -1.0397  0.0000  0.0378  -0.0000  0.1681  0.0000  -0.0357  0.0000  0.0173  0.0503  0.0163  -0.0000  -0.0002  -0.0000  0.0059  -0.0000  -0.0037  -0.0000  -0.0001  0.0000  -0.0183  -0.0000  0.0056  -0.0000  -0.0002  0.0000  -0.0000  0.0000  0.0005  -0.0000  -0.0001  0.0000  0.0000  -0.0000  -0.0000  0.0006  0.0038  0.0266  
-0.1882  -0.5198  -0.9004  0.0378  0.1456  -0.0840  -0.0309  -0.0178  0.0000  -0.0174  0.0503  -0.0082  0.0141  0.0001  0.0001  0.0029  0.0051  0.0037  0.0000  -0.0000  0.0000  -0.0183  0.0049  -0.0028  0.0001  0.0001  0.0000  0.0000  0.0004  0.0002  0.0000  0.0000  -0.0000  0.0000  0.0000  -0.0000  0.0006  0.0038  0.0250  
-0.1882  0.5198  -0.9004  0.0378  -0.1456  -0.0840  -0.0309  0.0178  0.0000  0.0174  0.0503  -0.0082  -0.0141  0.0001  -0.0001  -0.0029  0.0051  -0.0037  0.0000  0.0000  0.0000  -0.0183  -0.0049  -0.0028  -0.0001  0.0001  -0.0000  0.0000  0.0004  -0.0002  0.0000  -0.0000  -0.0000  -0.0000  0.0000  0.0000  0.0006  0.0038  0.0250  
-0.1882  1.0397  -0.0000  0.0378  -0.0000  0.1681  -0.0000  0.0357  0.0000  -0.0173  0.0503  0.0163  -0.0000  -0.0002  0.0000  -0.0059  0.0000  0.0037  -0.0000  0.0001  -0.0000  -0.0183  -0.0000  0.0056  0.0000  -0.0002  -0.0000  -0.0000  0.0000  -0.0005  -0.0000  0.0001  0.0000  -0.0000  0.0000  0.0000  0.0006  0.0038  0.0266  
-0.1882  0.5198  0.9004  0.0378  0.1456  -0.0840  0.0309  0.0178  -0.0000  0.0174  0.0503  -0.0082  0.0141  0.0001  0.0001  -0.0029  -0.0051  -0.0037  -0.0000  0.0000  -0.0000  -0.0183  0.0049  -0.0028  0.0001  0.0001  0.0000  0.0000  -0.0004  -0.0002  -0.0000  -0.0000  0.0000  -0.0000  -0.0000  0.0000  0.0006  0.0038  0.0250  
-0.1882  -0.5198  0.9004  0.0378  -0.1456  -0.0840  0.0309  -0.0178  -0.0000  -0.0174  0.0503  -0.0082  -0.0141  0.0001  -0.0001  0.0029  -0.0051  0.0037  -0.0000  -0.0000  -0.0000  -0.0183  -0.0049  -0.0028  -0.0001  0.0001  -0.0000  0.0000  -0.0004  0.0002  -0.0000  0.0000  0.0000  0.0000  -0.0000  -0.0000  0.0006  0.0038  0.0250  
0.4642  -1.2774  0.0000  0.0771  -0.0000  0.2033  0.0000  -0.0238  -0.0000  0.0600  0.0221  0.0224  -0.0000  -0.0012  0.0000  -0.0010  0.0000  -0.0122  -0.0000  -0.0004  0.0000  -0.0152  0.0000  0.0116  0.0000  -0.0008  -0.0000  -0.0001  0.0000  0.0014  -0.0000  -0.0005  0.0000  -0.0001  -0.0000  -0.0001  0.0020  0.0049  0.0304  
0.4641  -0.6387  -1.1063  0.0771  0.1761  -0.1017  -0.0206  -0.0119  0.0000  -0.0600  0.0221  -0.0112  0.0194  0.0006  0.0010  -0.0005  -0.0009  0.0121  0.0000  -0.0002  0.0003  -0.0152  0.0101  -0.0058  0.0007  0.0004  0.0000  -0.0001  0.0012  0.0007  0.0000  0.0005  0.0001  -0.0001  -0.0001  -0.0000  0.0020  0.0048  0.0313  
0.4641  0.6387  -1.1063  0.0771  -0.1761  -0.1017  -0.0206  0.0119  0.0000  0.0600  0.0221  -0.0112  -0.0194  0.0006  -0.0010  0.0005  -0.0009  -0.0121  0.0000  0.0002  0.0003  -0.0152  -0.0101  -0.0058  -0.0007  0.0004  -0.0000  -0.0001  0.0012  -0.0007  0.0000  -0.0005  0.0001  0.0001  -0.0001  0.0000  0.0020  0.0048  0.0313  
0.4642  1.2774  -0.0000  0.0771  -0.0000  0.2033  -0.0000  0.0238  0.0000  -0.0600  0.0221  0.0224  -0.0000  -0.0012  0.0000  0.0010  0.0000  0.0122  -0.0000  0.0004  -0.0000  -0.0152  -0.0000  0.0116  0.0000  -0.0008  -0.0000  -0.0001  0.0000  -0.0014  0.0000  0.0005  -0.0000  0.0001  0.0000  0.0001  0.0020  0.0049  0.0304  
0.4641  0.6387  1.1063  0.0771  0.1761  -0.1017  0.0206  0.0119  -0.0000  0.0600  0.0221  -0.0112  0.0194  0.0006  0.0010  0.0005  0.0009  -0.0121  -0.0000  0.0002  -0.0003  -0.0152  0.0101  -0.0058  0.0007  0.0004  0.0000  -0.0001  -0.0012  -0.0007  -0.0000  -0.0005  -0.0001  0.0001  0.0001  0.0000  0.0020  0.0048  0.0313  
0.4641  -0.6387  1.1063  0.0771  -0.1761  -0.1017  0.0206  -0.0119  -0.0000  -0.0600  0.0221  -0.0112  -0.0194  0.0006  -0.0010  -0.0005  0.0009  0.0121  -0.0000  -0.0002  -0.0003  -0.0152  -0.0101  -0.0058  -0.0007  0.0004  -0.0000  -0.0001  -0.0012  0.0007  -0.0000  0.0005  -0.0001  -0.0001  0.0001  -0.0000  0.0020  0.0048  0.0313  
0.9857  -1.2342  0.0000  0.0596  -0.0000  0.0724  0.0000  0.0118  -0.0000  0.1230  -0.0144  0.0131  -0.0000  -0.0041  0.0000  -0.0151  0.0000  -0.0254  -0.0000  -0.0016  0.0000  -0.0137  -0.0000  0.0151  0.0000  -0.0024  -0.0000  -0.0003  0.0000  0.0003  -0.0000  -0.0021  0.0000  -0.0006  -0.0000  -0.0001  0.0021  0.0047  0.0323  
0.9855  -0.6171  -1.0689  0.0596  0.0628  -0.0363  0.0102  0.0059  -0.0000  -0.1229  -0.0143  -0.0066  0.0114  0.0021  0.0035  -0.0075  -0.0130  0.0254  -0.0000  -0.0008  0.0014  -0.0137  0.0131  -0.0076  0.0021  0.0012  -0.0000  -0.0003  0.0003  0.0001  -0.0000  0.0021  0.0005  -0.0003  -0.0001  -0.0000  0.0021  0.0047  0.0322  
0.9855  0.6171  -1.0689  0.0596  -0.0628  -0.0363  0.0102  -0.0059  -0.0000  0.1229  -0.0143  -0.0066  -0.0114  0.0021  -0.0035  0.0075  -0.0130  -0.0254  -0.0000  0.0008  0.0014  -0.0137  -0.0131  -0.0076  -0.0021  0.0012  0.0000  -0.0003  0.0003  -0.0001  -0.0000  -0.0021  0.0005  0.0003  -0.0001  0.0000  0.0021  0.0047  0.0322  
0.9857  1.2342  -0.0000  0.0596  -0.0000  0.0724  0.0000  -0.0118  0.0000  -0.1230  -0.0144  0.0131  -0.0000  -0.0041  0.0000  0.0151  -0.0000  0.0254  -0.0000  0.0016  -0.0000  -0.0137  -0.0000  0.0151  0.0000  -0.0024  0.0000  -0.0003  0.0000  -0.0003  -0.0000  0.0021  -0.0000  0.0006  -0.0000  0.0001  0.0021  0.0047  0.0323  
0.9855  0.6171  1.0689  0.0596  0.0628  -0.0363  -0.0102  -0.0059  0.0000  0.1229  -0.0143  -0.0066  0.0114  0.0021  0.0035  0.0075  0.0130  -0.0254  0.0000  0.0008  -0.0014  -0.0137  0.0131  -0.0076  0.0021  0.0012  -0.0000  -0.0003  -0.0003  -0.0001  0.0000  -0.0021  -0.0005  0.0003  0.0001  0.0000  0.0021  0.0047  0.0322  
0.9855  -0.6171  1.0689  0.0596  -0.0628  -0.0363  -0.0102  0.0059  0.0000  -0.1229  -0.0143  -0.0066  -0.0114  0.0021  -0.0035  -0.0075  0.0130  0.0254  0.0000  -0.0008  -0.0014  -0.0137  -0.0131  -0.0076  -0.0021  0.0012  0.0000  -0.0003  -0.0003  0.0001  0.0000  0.0021  -0.0005  -0.0003  0.0001  -0.0000  0.0021  0.0047  0.0322  
1.2745  -1.0852  0.0000  0.0173  0.0000  -0.1072  0.0000  0.0473  -0.0000  0.1769  -0.0445  -0.0028  -0.0000  -0.0073  0.0000  -0.0284  0.0000  -0.0370  -0.0000  -0.0025  0.0000  -0.0135  -0.0000  0.0158  0.0000  -0.0039  -0.0000  -0.0002  0.0000  -0.0014  -0.0000  -0.0036  0.0000  -0.0007  -0.0000  0.0002  0.0018  0.0043  0.0370  
1.2742  -0.5426  -0.9400  0.0174  -0.0926  0.0535  0.0409  0.0236  -0.0000  -0.1769  -0.0444  0.0014  -0.0024  0.0036  0.0063  -0.0142  -0.0246  0.0370  0.0000  -0.0012  0.0021  -0.0135  0.0137  -0.0079  0.0034  0.0019  -0.0000  -0.0002  -0.0012  -0.0007  -0.0000  0.0035  0.0006  -0.0004  0.0002  0.0001  0.0018  0.0043  0.0381  
1.2742  0.5426  -0.9400  0.0174  0.0926  0.0535  0.0409  -0.0236  -0.0000  0.1769  -0.0444  0.0014  0.0024  0.0036  -0.0063  0.0142  -0.0246  -0.0370  0.0000  0.0012  0.0021  -0.0135  -0.0137  -0.0079  -0.0034  0.0019  0.0000  -0.0002  -0.0012  0.0007  -0.0000  -0.0035  0.0006  0.0004  0.0002  -0.0001  0.0018  0.0043  0.0381  
1.2745  1.0852  -0.0000  0.0173  0.0000  -0.1072  0.0000  -0.0473  0.0000  -0.1769  -0.0445  -0.0028  -0.0000  -0.0073  0.0000  0.0284  -0.0000  0.0370  -0.0000  0.0025  -0.0000  -0.0135  -0.0000  0.0158  0.0000  -0.0039  0.0000  -0.0002  -0.0000  0.0014  -0.0000  0.0036  -0.0000  0.0007  -0.0000  -0.0002  0.0018  0.0043  0.0370  
1.2742  0.5426  0.9400  0.0174  -0.0926  0.0535  -0.0409  -0.0236  0.0000  0.1769  -0.0444  0.0014  -0.0024  0.0036  0.0063  0.0142  0.0246  -0.0370  -0.0000  0.0012  -0.0021  -0.0135  0.0137  -0.0079  0.0034  0.0019  -0.0000  -0.0002  0.0012  0.0007  0.0000  -0.0035  -0.0006  0.0004  -0.0002  -0.0001  0.0018  0.0043  0.0381  
1.2742  -0.5426  0.9400  0.0174  0.0926  0.0535  -0.0409  0.0236  0.0000  -0.1769  -0.0444  0.0014  0.0024  0.0036  -0.0063  -0.0142  0.0246  0.0370  -0.0000  -0.0012  -0.0021  -0.0135  -0.0137  -0.0079  -0.0034  0.0019  0.0000  -0.0002  0.0012  -0.0007  0.0000  0.0035  -0.0006  -0.0004  -0.0002  0.0001  0.0018  0.0043  0.0381  
1.2218  -0.7928  -0.7928  0.0274  -0.0665  -0.0000  0.0281  0.0281  0.1171  -0.1171  -0.0382  -0.0000  0.0009  0.0066  0.0000  -0.0181  -0.0181  0.0245  -0.0245  0.0016  0.0016  -0.0135  0.0158  -0.0000  -0.0000  0.0036  0.0003  0.0000  -0.0007  -0.0007  -0.0023  0.0023  0.0005  0.0005  -0.0001  0.0001  0.0019  0.0044  0.0351  
1.2218  0.7928  -0.7928  0.0274  0.0665  -0.0000  0.0281  -0.0281  0.1171  0.1171  -0.0382  -0.0000  -0.0009  0.0066  -0.0000  0.0181  -0.0181  -0.0245  -0.0245  -0.0016  0.0016  -0.0135  -0.0158  -0.0000  0.0000  0.0036  -0.0003  0.0000  -0.0007  0.0007  -0.0023  -0.0023  0.0005  -0.0005  -0.0001  -0.0001  0.0019  0.0044  0.0351  
1.2218  0.7928  0.7928  0.0274  -0.0665  -0.0000  -0.0281  -0.0281  -0.1171  0.1171  -0.0382  -0.0000  0.0009  0.0066  0.0000  0.0181  0.0181  -0.0245  0.0245  -0.0016  -0.0016  -0.0135  0.0158  -0.0000  -0.0000  0.0036  0.0003  0.0000  0.0007  0.0007  0.0023  -0.0023  -0.0005  -0.0005  0.0001  -0.0001  0.0019  0.0044  0.0351  
1.2218  -0.7928  0.7928  0.0274  0.0665  -0.0000  -0.0281  0.0281  -0.1171  -0.1171  -0.0382  -0.0000  -0.0009  0.0066  -0.0000  -0.0181  0.0181  0.0245  0.0245  0.0016  -0.0016  -0.0135  -0.0158  -0.0000  0.0000  0.0036  -0.0003  0.0000  0.0007  -0.0007  0.0023  0.0023  -0.0005  0.0005  0.0001  0.0001  0.0019  0.0044  0.0351  
