   6.6906168e-03   2.6353589e+00
   9.4460611e-04   5.2758650e+00
   9.4460611e-04   5.2758650e+00
   6.1240430e-03   1.6866297e+00
   6.1240430e-03   1.6866297e+00
   1.7516747e-03   5.1471854e+00
   1.7516747e-03   5.1471854e+00
   4.9218300e-02   8.6355441e-01
   9.4518035e-03   1.6866297e+00
   9.4518035e-03   1.6866297e+00
   3.0979027e-03   2.7012429e+00
   3.0979027e-03   2.7012429e+00
   4.5078901e-02   4.4213986e-01
   4.5078901e-02   4.4213986e-01
   1.2438449e-02   1.6866297e+00
   1.2438449e-02   1.6866297e+00
   4.5678764e-03   1.6866297e+00
   4.5678764e-03   1.6866297e+00
   3.6438430e-01   2.8296951e-01
