        46.90171358  46.58263338  46.3516168   46.21955003
        46.18849572  46.26080299  46.43790424  46.72054432
        47.11261934  44.72831278  42.63334989  40.85844124
        43.48608298  45.04200717  46.98387573  47.61527522
        45.70652362  46.96124389  45.62917432  43.93682888
        41.04396497  42.46954126  44.21431234  46.31603612
        46.74953599  47.41158872  40.88090118  42.90086389
        45.1989976   44.78022275  44.49403033  44.34007657
        44.31864795  41.5267965   38.80415836  36.16648985
        33.63550609  31.24100087  28.2241489   30.37927235
        32.65855575  35.03615871  37.49311633  40.01682353
        37.08333692  34.29062603  31.57159752  28.94298175
        26.43096288  23.50836247  25.79658401  28.18358348
        30.64575502  27.92472115  25.16667421  22.48208046
        19.90262447  17.15322919  19.5465312   22.02090673
        56.50397056  61.13524572  62.0926009   63.13767592
        64.2510475   65.407792    63.52952175  62.22690221
        60.94147139  59.70107506  58.51975068  57.40683746
        55.24546877  56.32767145  57.50458406  58.76847166
        60.11010963  61.50675155  62.8691306   61.16652921
        59.75562064  58.29778683  59.73934864  58.19711814
        56.69270286  55.23756195  53.83702392  52.49744859
        51.22582606  50.03080799  47.98219739  49.16867839
        50.4568594   51.8375731   53.30331373  54.84835172
        56.47320273  55.17665654  53.38398619  51.692271  
