   0.0000000e+00   0.0000000e+00   0.0000000e+00  -4.3429883e+02   4.4643192e-01  -1.2218217e+00  -1.9772702e-01  -3.9438905e-01   7.5250884e-01   2.7383362e-01   2.1551829e+03   4.3357841e+00   2.8580574e-01  -1.1015203e-01   3.1974800e-01  -9.3700643e+00  -3.1959138e+00  -1.4887255e+00   1.1257315e+01  -6.9436799e-01   4.7343113e-01  -5.6447761e+02
   0.0000000e+00   0.0000000e+00   0.0000000e+00  -3.5130559e+02   8.4907372e-01   1.3845854e+01  -1.8546631e+00  -1.6059991e+02   1.2403635e+00   2.1134942e+00   2.1630333e+03   4.0602529e+01  -4.7422943e+00  -2.2686078e-01   3.5565303e-01  -1.7546395e+02   1.7387769e+00  -1.0565095e+00   2.9759552e+00  -4.2969581e-02   8.1317341e-01  -5.4907745e+02
   0.0000000e+00   0.0000000e+00   0.0000000e+00  -3.5661106e+02   9.4624443e+00  -6.5983128e+00  -1.3837903e+02  -8.2064586e+01  -1.9780954e-01  -8.4394492e-01   2.1602733e+03  -2.2190977e+01   3.5733511e+01  -5.0881892e-01   1.6844196e-01  -8.2585330e+01  -1.2042893e+02   4.9864950e+00   1.9601970e-01  -1.0232603e+00  -1.1311277e+00  -5.2955398e+02
   0.0000000e+00   0.0000000e+00   0.0000000e+00  -3.5262149e+02  -1.2687055e+01  -8.0653618e+00  -1.3940151e+02   7.8072106e+01  -1.4369583e+00   1.8619335e+00   2.1673756e+03  -2.2675807e+01  -3.0876541e+01   7.3113384e-01   1.5772526e+00   7.5412653e+01  -1.4473647e+02  -1.0151875e+00  -3.0120194e+00   6.0299140e-01  -1.1228953e-01  -4.5580139e+02
   0.0000000e+00   0.0000000e+00   0.0000000e+00  -3.5596987e+02  -9.6008796e-01   1.2454686e+01  -1.0882996e-01   1.5978840e+02  -1.7823653e+00  -1.8719630e-01   2.1627324e+03   4.0406272e+01  -3.8126583e-01   1.4172393e+00   1.2772814e+00   1.4448961e+02   1.2443189e+01   6.6255654e+00  -4.2225557e+00   1.8761293e+00  -7.3615084e-01  -4.9253568e+02
   0.0000000e+00   0.0000000e+00   0.0000000e+00  -3.5762929e+02   9.6262381e+00  -6.2459379e+00   1.3780519e+02   8.1818754e+01  -2.7154103e-01   1.2211414e+00   2.1555353e+03  -2.2828503e+01   3.3926473e+01  -1.7803870e+00  -8.1525750e-01   6.9675861e+01   1.2087636e+02   3.4357425e+00   1.2502345e+00   1.3288170e+00  -2.2831302e-01  -4.7003454e+02
   0.0000000e+00   0.0000000e+00   0.0000000e+00  -3.5820487e+02  -9.7231643e+00  -6.1778349e+00   1.3670174e+02  -8.0030704e+01  -4.2818145e-01  -8.6801161e-01   2.1472873e+03  -1.8958341e+01  -4.2009793e+01  -4.1102164e-01   1.8712068e+00  -7.6400314e+01   1.3970026e+02  -4.6542988e+00   1.7169882e+00   3.8647044e-01   2.4233861e+00  -4.9184279e+02
   0.0000000e+00   0.0000000e+00   0.0000000e+00  -7.6400509e+01   1.3540270e+00   4.6438408e+01   1.5710150e+00  -3.5493737e+02  -4.3635331e-01   5.8977121e+00   2.1770998e+03   1.5886981e+02  -3.3079700e+00  -4.5249602e-01   5.8820299e-01  -3.0605813e+02  -1.1436186e+01  -5.8597081e+00   3.2454998e+00   8.4487631e-01  -4.5735836e+00  -1.5925335e+02
   0.0000000e+00   0.0000000e+00   0.0000000e+00  -7.7546008e+01   4.0884206e+01  -2.3249799e+01  -3.0030574e+02  -1.7902308e+02  -1.9516224e+00  -5.1628861e+00   2.1725297e+03  -7.5939828e+01   1.3695202e+02  -8.7038375e-02  -9.0340756e-01  -1.6593528e+02  -2.7753948e+02   1.5776524e+01  -5.5633367e+00   1.5746443e+00  -3.8010924e+00  -1.7512438e+02
   0.0000000e+00   0.0000000e+00   0.0000000e+00  -7.7492515e+01  -4.1458216e+01  -2.3099708e+01  -2.9983159e+02   1.7638072e+02  -9.7149536e-01   3.9660220e+00   2.1702651e+03  -8.2547703e+01  -1.3610643e+02  -1.3129752e+00   1.2802995e+00   1.8232283e+02  -2.7836488e+02   2.2262658e+00  -3.2320086e+00  -2.6047754e-02  -9.3066383e-01  -1.7526126e+02
   0.0000000e+00   0.0000000e+00   0.0000000e+00  -7.4257739e+01  -2.9452142e-01   4.7539342e+01   1.3821775e-01   3.5347387e+02  -1.8732296e+00  -4.5280344e+00   2.1695067e+03   1.6157758e+02   2.6679992e+00   1.5647484e+00   1.0052943e+00   2.8797691e+02   1.6076257e+01  -3.6026807e+00  -3.3176287e+00   2.9139943e+00  -2.0197426e+00  -1.5053611e+02
   0.0000000e+00   0.0000000e+00   0.0000000e+00  -7.5092395e+01   4.0585838e+01  -2.4158917e+01   3.0631354e+02   1.7640752e+02   9.8049532e-01   5.8734157e+00   2.1676782e+03  -8.1219367e+01   1.3889557e+02  -6.5832832e-01   8.5958005e-01   1.7544301e+02   2.7952291e+02  -9.0007255e+00  -6.6721181e-01  -1.1245323e+00  -1.4048701e+00  -1.6478057e+02
   0.0000000e+00   0.0000000e+00   0.0000000e+00  -7.5106223e+01  -4.1475069e+01  -2.1889331e+01   3.0475263e+02  -1.7599919e+02   5.1126617e-01  -5.7719558e+00   2.1614598e+03  -7.9620274e+01  -1.3461344e+02   1.3521990e-01  -9.1093970e-01  -1.9055609e+02   2.8085634e+02   3.6142944e+00  -1.1762552e-01   1.6425185e+00  -1.2274843e+00  -1.9035102e+02
   0.0000000e+00   0.0000000e+00   0.0000000e+00   2.1384348e+02   6.4550098e-02   4.8154291e+01  -2.9449145e+00  -5.1532501e+02   4.9399939e-01   1.7747765e+01   2.0612189e+03   1.8953699e+02   4.9677649e+00  -4.9740922e+00  -6.2887670e-01  -4.5785428e+02   8.7455553e+00  -1.1652713e+01  -5.4561862e+00  -5.5584103e+00  -1.2046562e+00   2.2449947e+02
   0.0000000e+00   0.0000000e+00   0.0000000e+00   2.1575701e+02   4.4543028e+01  -2.5496270e+01  -4.4425100e+02  -2.5879038e+02   5.5702018e-01  -1.7867160e+01   2.0548970e+03  -9.5601849e+01   1.6709412e+02   4.3024833e+00   8.1892076e-01  -2.7207750e+02  -4.3266482e+02   1.0775832e+01   6.9998313e-01  -1.4612247e+00   2.5585433e+00   1.8551143e+02
   0.0000000e+00   0.0000000e+00   0.0000000e+00   2.1740508e+02  -4.0754065e+01  -2.2780990e+01  -4.4660921e+02   2.5486875e+02   2.3598071e-01   1.4942462e+01   2.0535427e+03  -9.8065277e+01  -1.6308294e+02  -1.5091777e+00  -2.1557356e+00   2.8229984e+02  -4.3864677e+02  -5.5030673e+00   2.9239787e+00   1.0485688e+00   9.0247274e-01   1.6454209e+02
   0.0000000e+00   0.0000000e+00   0.0000000e+00   2.1915437e+02   4.9956601e-02   4.8325692e+01   1.7649663e+00   5.1330607e+02  -6.8074597e-01  -1.6361997e+01   2.0486124e+03   1.9535785e+02   2.8067184e+00  -3.1730839e+00  -2.3746671e+00   4.8359572e+02   3.1680803e-01   1.2410701e+01  -8.7155911e-02   6.7185190e+00   3.6877222e-01   2.0440493e+02
   0.0000000e+00   0.0000000e+00   0.0000000e+00   2.1395281e+02   4.1055693e+01  -2.2812789e+01   4.4283799e+02   2.5721681e+02  -8.2198010e-01   1.6991631e+01   2.0543030e+03  -9.8052362e+01   1.6509586e+02  -5.3005100e-01   3.7972312e+00   2.6546432e+02   4.4453492e+02  -1.4578200e+01  -1.3778275e-01   2.8045231e+00  -7.6146966e+00   1.4932043e+02
   0.0000000e+00   0.0000000e+00   0.0000000e+00   2.1679779e+02  -4.1673775e+01  -2.1540187e+01   4.4256500e+02  -2.5633154e+02  -4.1142384e+00  -1.5415909e+01   2.0490120e+03  -9.6498308e+01  -1.6541004e+02  -7.1309880e-01  -4.8862308e+00  -2.8489805e+02   4.3190662e+02   9.3693599e+00  -5.2686881e+00  -6.6338482e+00  -8.6080963e+00   1.7726170e+02
   0.0000000e+00   0.0000000e+00   0.0000000e+00   3.6300969e+02   1.0830336e+00  -1.1574435e+01  -4.6187664e-01  -6.4542189e+02   1.8898495e+00   3.3733887e+01   1.7897661e+03   5.2101262e+01   1.8888055e+00  -1.4787419e+01   1.2373097e+00  -7.3115008e+02   3.0092209e+00  -3.4552780e+01  -1.7526167e+00  -1.3337148e+01  -3.0776953e+00   2.5502401e+02
   0.0000000e+00   0.0000000e+00   0.0000000e+00   3.6573201e+02  -8.9775162e+00   8.9992094e+00  -5.6230315e+02  -3.2335198e+02  -5.1380918e+00  -3.2169820e+01   1.7835335e+03  -2.1117648e+01   5.5541454e+01   1.3571336e+00   1.0869626e+01  -4.3044155e+02  -6.7768977e+02   2.9902657e+01  -9.5073295e+00  -6.1610392e+00   6.8766795e+00   2.6842274e+02
   0.0000000e+00   0.0000000e+00   0.0000000e+00   3.5895633e+02   1.1064025e+01   7.6095308e+00  -5.6003742e+02   3.2190426e+02  -3.4493512e+00   3.4395260e+01   1.7823005e+03  -2.8225163e+01  -4.0417195e+01   3.1542271e+00  -1.1441199e+01   4.0608452e+02  -6.7566971e+02  -2.7039875e+01  -1.8314310e+00   6.4390531e+00   4.8272524e+00   2.8476226e+02
   0.0000000e+00   0.0000000e+00   0.0000000e+00   3.6057134e+02  -3.6982869e+00  -1.4603256e+01   4.4696166e-01   6.4147675e+02   4.8546545e-01  -3.2908244e+01   1.7559890e+03   5.0229438e+01  -3.9863658e+00  -1.3496049e+01   2.7929270e+00   7.3208124e+02   1.0398835e+01   3.5840738e+01  -7.4635115e+00   9.4652048e+00   2.8187074e+00   2.5991618e+02
   0.0000000e+00   0.0000000e+00   0.0000000e+00   3.5870289e+02  -1.1289464e+01   1.0108900e+01   5.5754048e+02   3.2411870e+02   2.4810827e+00   3.5839028e+01   1.7803684e+03  -2.5488165e+01   4.8738681e+01   5.2121504e+00   6.0822258e+00   4.1973558e+02   6.5710578e+02  -2.9109858e+01  -8.2672110e+00   1.5245870e+00  -1.1840764e+01   3.0083989e+02
   0.0000000e+00   0.0000000e+00   0.0000000e+00   3.6329796e+02   1.2816356e+01   6.9136007e+00   5.5676425e+02  -3.2181994e+02   7.2242274e-01  -3.4020795e+01   1.7871280e+03  -2.7718403e+01  -3.6704039e+01   2.0676187e+00  -9.0024458e+00  -4.3752317e+02   6.5945930e+02   2.7526399e+01   1.8064034e+00  -2.9516571e+00  -9.4441489e+00   2.9287454e+02
   0.0000000e+00   0.0000000e+00   0.0000000e+00   4.2099883e+02   2.3144298e-01  -8.3216738e+01  -3.6693694e+00  -6.8995660e+02   1.1705862e+00   6.3337053e+01   1.6035556e+03  -7.4425367e+01  -4.2913687e-01  -5.3983476e+00  -3.0662234e+00  -8.4937315e+02   2.5846075e+01   5.7755035e+00   3.1149121e-01  -1.8545440e+00  -1.1333644e+00   3.7986477e+02
   0.0000000e+00   0.0000000e+00   0.0000000e+00   4.1661908e+02  -7.2417131e+01   4.1031199e+01  -5.9354883e+02  -3.4563805e+02  -1.1422125e-01  -6.2656582e+01   1.6081268e+03   3.8339189e+01  -6.6282929e+01  -4.7422409e-02   3.6409911e-01  -4.5467016e+02  -7.4882362e+02  -6.1519195e+00  -2.6019149e+00   1.2228406e+00  -5.0592342e-01   3.5514866e+02
   0.0000000e+00   0.0000000e+00   0.0000000e+00   4.1430844e+02   7.3128752e+01   4.0998392e+01  -5.9534846e+02   3.4535300e+02   6.5409656e-01   6.4273717e+01   1.6036103e+03   3.8405088e+01   6.8684935e+01   3.3658926e+00  -5.4317005e+00   4.5537489e+02  -7.4217103e+02   1.4211514e+01  -1.2612954e+01   2.6325759e+00   1.2714498e+00   3.6942819e+02
   0.0000000e+00   0.0000000e+00   0.0000000e+00   4.1317823e+02  -1.4600783e+00  -8.6437462e+01   2.2108446e+00   6.8545790e+02  -2.6103274e-01  -6.5473935e+01   1.5910628e+03  -8.4250320e+01  -8.9404960e+00  -3.5262487e+00  -9.3567531e-01   8.2203560e+02  -1.4800663e+01  -1.0784568e+01   2.3780719e+00   4.5626708e+00   6.7052768e+00   3.5632533e+02
   0.0000000e+00   0.0000000e+00   0.0000000e+00   4.1528822e+02  -7.2490461e+01   4.1236364e+01   5.9748463e+02   3.4764805e+02  -2.6706555e+00   6.3441191e+01   1.5777083e+03   3.7031531e+01  -6.6489704e+01   4.1446799e+00   3.3664310e+00   4.5784661e+02   7.4275572e+02   1.0440257e+01   4.6507700e-01   3.9038585e-01   2.8153276e-01   3.8823923e+02
   0.0000000e+00   0.0000000e+00   0.0000000e+00   4.1314927e+02   7.3742721e+01   3.8114402e+01   5.9457808e+02  -3.4309949e+02   3.0389746e-01  -6.4986796e+01   1.5999542e+03   4.2094902e+01   7.9409812e+01  -6.5113898e-01  -2.3949958e+00  -4.5979461e+02   7.5820974e+02  -1.6439507e+01   7.3422548e+00  -1.8273225e+00  -2.3861946e-01   3.6555804e+02
