   0.0000000e+00
   3.7900000e-01
   1.8950000e-01
  -1.8950000e-01
  -3.7900000e-01
  -1.8950000e-01
   1.8950000e-01
   8.4100000e-01
   4.2050000e-01
  -4.2050000e-01
  -8.4100000e-01
  -4.2050000e-01
   4.2050000e-01
   1.2370000e+00
   6.1850000e-01
  -6.1850000e-01
  -1.2370000e+00
  -6.1850000e-01
   6.1850000e-01
   1.5350000e+00
   7.6750000e-01
  -7.6750000e-01
  -1.5350000e+00
  -7.6750000e-01
   7.6750000e-01
   1.7080000e+00
   8.5400000e-01
  -8.5400000e-01
  -1.7080000e+00
  -8.5400000e-01
   8.5400000e-01
