   2.5806572e+02
   2.5039376e+02
   2.4929068e+02
   2.4853737e+02
   2.5006816e+02
   2.4926044e+02
   2.4682189e+02
   2.3090858e+02
   2.2873505e+02
   2.2880163e+02
   2.3005749e+02
   2.2854743e+02
   2.3023459e+02
   2.2744535e+02
   2.2839254e+02
   2.2580937e+02
   2.2646218e+02
   2.2927065e+02
   2.2822239e+02
   2.2222126e+02
   2.2243931e+02
   2.2342754e+02
   2.2296041e+02
   2.2530527e+02
   2.2370258e+02
   2.2512882e+02
   2.2745587e+02
   2.2567755e+02
   2.2744772e+02
   2.2778985e+02
   2.2324936e+02
