   0.0000000e+00   0.0000000e+00   0.0000000e+00   1.4199089e+03   1.9217989e+02   1.8888456e+02   1.0238530e+03   1.0231570e+03   3.9103638e+02   4.0147541e+02   6.9604679e+03   2.1803358e+03   2.1680251e+03   6.7070271e+02   6.7001519e+02   7.4104109e+03   7.4891819e+03   2.9457951e+03   2.9249490e+03   1.0044435e+03   1.0053580e+03   1.7093124e+04
   0.0000000e+00   0.0000000e+00   0.0000000e+00   1.3876923e+03   1.7285342e+02   1.7414643e+02   1.0066499e+03   1.0096288e+03   3.8208271e+02   3.8382746e+02   6.8888983e+03   2.1668438e+03   2.1647774e+03   6.5037486e+02   6.5749611e+02   7.3119680e+03   7.5210796e+03   2.9110768e+03   2.9098618e+03   9.8533266e+02   9.8684079e+02   1.6966815e+04
   0.0000000e+00   0.0000000e+00   0.0000000e+00   1.4018997e+03   1.8100913e+02   1.7893651e+02   1.0085184e+03   1.0142867e+03   3.8533786e+02   3.8520226e+02   6.9277067e+03   2.1677627e+03   2.1877453e+03   6.6057026e+02   6.5312477e+02   7.3758739e+03   7.3451037e+03   2.9180545e+03   2.9196530e+03   9.9444329e+02   9.9215764e+02   1.6961702e+04
   0.0000000e+00   0.0000000e+00   0.0000000e+00   1.4025179e+03   1.8691826e+02   1.8477735e+02   1.0159265e+03   1.0194920e+03   3.8980270e+02   3.9163253e+02   6.9393461e+03   2.1761762e+03   2.1649392e+03   6.6035673e+02   6.6262344e+02   7.4075492e+03   7.4024260e+03   2.9245382e+03   2.9208683e+03   9.9971513e+02   1.0037073e+03   1.6848653e+04
   0.0000000e+00   0.0000000e+00   0.0000000e+00   1.3992573e+03   1.7854600e+02   1.7861296e+02   1.0083647e+03   1.0036620e+03   3.8392744e+02   3.8098958e+02   6.9039498e+03   2.1688666e+03   2.1599857e+03   6.5141344e+02   6.5435245e+02   7.3255415e+03   7.4491441e+03   2.9210342e+03   2.9071144e+03   9.9218736e+02   9.9367296e+02   1.6949518e+04
   0.0000000e+00   0.0000000e+00   0.0000000e+00   1.4008480e+03   1.7984079e+02   1.8052138e+02   1.0100612e+03   1.0106178e+03   3.8510912e+02   3.8421009e+02   6.9021160e+03   2.1731556e+03   2.1807404e+03   6.6140317e+02   6.6021735e+02   7.3915435e+03   7.3784824e+03   2.9059196e+03   2.9243308e+03   9.9810357e+02   9.9603110e+02   1.6897127e+04
   0.0000000e+00   0.0000000e+00   0.0000000e+00   1.4115340e+03   1.9175915e+02   2.0186102e+02   1.0199959e+03   1.0288327e+03   3.9820296e+02   3.9932632e+02   6.9062209e+03   2.1847152e+03   2.1813443e+03   6.7054781e+02   6.7055659e+02   7.4500638e+03   7.4025000e+03   2.9406082e+03   2.9235953e+03   1.0103498e+03   1.0134240e+03   1.6795997e+04
   0.0000000e+00   0.0000000e+00   0.0000000e+00   1.4030781e+03   1.7478510e+02   1.7636629e+02   1.0089276e+03   1.0167105e+03   3.8547924e+02   3.8196142e+02   6.8914827e+03   2.1722876e+03   2.1673866e+03   6.5650486e+02   6.5220987e+02   7.1250600e+03   7.4364967e+03   2.9279716e+03   2.9171290e+03   9.9575309e+02   9.9409237e+02   1.6261525e+04
   0.0000000e+00   0.0000000e+00   0.0000000e+00   1.4070976e+03   1.8539026e+02   1.8506646e+02   1.0139471e+03   1.0221746e+03   3.9447645e+02   3.9371552e+02   6.8768442e+03   2.1818486e+03   2.1945321e+03   6.7188293e+02   6.6457177e+02   7.3645479e+03   7.2400340e+03   2.9463734e+03   2.9326770e+03   1.0020637e+03   1.0099518e+03   1.6387477e+04
   0.0000000e+00   0.0000000e+00   0.0000000e+00   1.4167603e+03   1.8945039e+02   1.8587594e+02   1.0164348e+03   1.0243916e+03   3.9055486e+02   3.9564845e+02   6.8901393e+03   2.1886952e+03   2.1974859e+03   6.6715849e+02   6.7227737e+02   7.3309062e+03   7.2062352e+03   2.9287244e+03   2.9323830e+03   1.0075534e+03   1.0129622e+03   1.6362523e+04
   0.0000000e+00   0.0000000e+00   0.0000000e+00   1.4124172e+03   1.7852119e+02   1.8287940e+02   1.0119773e+03   1.0170298e+03   3.8724854e+02   3.9400564e+02   6.8738026e+03   2.1817677e+03   2.1826429e+03   6.6332895e+02   6.6487248e+02   7.1220016e+03   7.4340612e+03   2.9223997e+03   2.9290627e+03   1.0011961e+03   9.9564430e+02   1.6313325e+04
   0.0000000e+00   0.0000000e+00   0.0000000e+00   1.4157903e+03   1.8835038e+02   1.9020200e+02   1.0267858e+03   1.0177964e+03   3.9877702e+02   3.9830805e+02   6.8715174e+03   2.1659977e+03   2.1801590e+03   6.6613094e+02   6.7059157e+02   7.3613057e+03   7.2022735e+03   2.9192496e+03   2.9064736e+03   1.0062048e+03   1.0126852e+03   1.6252140e+04
   0.0000000e+00   0.0000000e+00   0.0000000e+00   1.3983880e+03   1.7754251e+02   1.7887789e+02   1.0144007e+03   1.0122881e+03   3.8765755e+02   3.9268867e+02   6.8432508e+03   2.1684713e+03   2.1664497e+03   6.5194548e+02   6.6181116e+02   7.3522269e+03   7.1076094e+03   2.9077706e+03   2.9190718e+03   9.9531989e+02   9.9142917e+02   1.6348699e+04
   0.0000000e+00   0.0000000e+00   0.0000000e+00   1.4022125e+03   1.8185777e+02   1.8231910e+02   1.0036635e+03   1.0157009e+03   3.9804261e+02   3.8941321e+02   6.7865702e+03   2.1707485e+03   2.1781762e+03   6.6254701e+02   6.6659503e+02   6.6827387e+03   7.4900246e+03   2.8895327e+03   2.9333082e+03   9.9421594e+02   1.0109573e+03   1.5526664e+04
   0.0000000e+00   0.0000000e+00   0.0000000e+00   1.4047082e+03   1.7269864e+02   1.7630502e+02   1.0107887e+03   1.0116327e+03   3.7976419e+02   3.8207356e+02   6.7803796e+03   2.1717545e+03   2.1818927e+03   6.5825107e+02   6.5725563e+02   7.3352917e+03   6.8528475e+03   2.8979395e+03   2.9315765e+03   9.9116255e+02   9.9557928e+02   1.5401659e+04
   0.0000000e+00   0.0000000e+00   0.0000000e+00   1.4289465e+03   1.8676591e+02   1.8955838e+02   1.0235251e+03   1.0175124e+03   3.9843333e+02   4.0236020e+02   6.7701293e+03   2.1915187e+03   2.1705807e+03   6.7594015e+02   6.7746674e+02   7.2457262e+03   6.9231914e+03   2.9301915e+03   2.9713803e+03   1.0143828e+03   1.0065044e+03   1.5349809e+04
   0.0000000e+00   0.0000000e+00   0.0000000e+00   1.4243081e+03   1.8735765e+02   1.9288519e+02   1.0060391e+03   1.0174843e+03   3.9523120e+02   3.9415182e+02   6.7755687e+03   2.1764615e+03   2.2063537e+03   6.7020879e+02   6.7450533e+02   6.7163761e+03   7.5047206e+03   2.9401675e+03   2.9366716e+03   1.0117037e+03   1.0161356e+03   1.5557098e+04
   0.0000000e+00   0.0000000e+00   0.0000000e+00   1.3989138e+03   1.7247571e+02   1.7270738e+02   9.9951692e+02   9.9262414e+02   3.7432514e+02   3.8286409e+02   6.7776628e+03   2.1786306e+03   2.1618875e+03   6.4929518e+02   6.5599851e+02   7.2792464e+03   6.9098510e+03   2.8807557e+03   2.9273551e+03   9.9514439e+02   9.9710950e+02   1.5210058e+04
   0.0000000e+00   0.0000000e+00   0.0000000e+00   1.4125365e+03   1.7825936e+02   1.7788587e+02   1.0013054e+03   9.9917859e+02   3.8474962e+02   3.8505086e+02   6.7956648e+03   2.1689582e+03   2.1731814e+03   6.5473086e+02   6.7125485e+02   7.2852989e+03   6.9066520e+03   2.9207227e+03   2.9173678e+03   1.0014934e+03   9.9679771e+02   1.5300044e+04
   0.0000000e+00   0.0000000e+00   0.0000000e+00   1.4293349e+03   1.9156636e+02   1.9180907e+02   1.0228052e+03   9.8762177e+02   4.0073162e+02   3.9842634e+02   6.4727936e+03   2.0765443e+03   2.1700149e+03   6.6736856e+02   6.6479632e+02   5.7388596e+03   7.6264620e+03   2.8117276e+03   2.8487693e+03   1.0018334e+03   9.9738224e+02   1.4019324e+04
   0.0000000e+00   0.0000000e+00   0.0000000e+00   1.4301520e+03   1.9479348e+02   1.8985948e+02   1.0011731e+03   1.0188416e+03   3.9631024e+02   3.9810248e+02   6.4462170e+03   2.1350520e+03   2.1080409e+03   6.7105552e+02   6.6531893e+02   7.0647787e+03   6.2104653e+03   2.8014840e+03   2.7959218e+03   1.0000147e+03   9.9128635e+02   1.3941735e+04
   0.0000000e+00   0.0000000e+00   0.0000000e+00   1.4060097e+03   1.9083849e+02   1.8279172e+02   9.9523499e+02   1.0196755e+03   3.9548470e+02   3.9052038e+02   6.4477228e+03   2.1342422e+03   2.0921241e+03   6.6663550e+02   6.5496385e+02   7.0800377e+03   6.1824666e+03   2.7756539e+03   2.8384186e+03   9.7630648e+02   9.8453825e+02   1.3968528e+04
   0.0000000e+00   0.0000000e+00   0.0000000e+00   1.4221618e+03   1.8532126e+02   1.9104553e+02   1.0231520e+03   9.8001437e+02   3.9094342e+02   3.8694424e+02   6.3897672e+03   2.0678231e+03   2.1700312e+03   6.6287853e+02   6.6608204e+02   5.7491558e+03   7.5429565e+03   2.7851326e+03   2.8068188e+03   9.8850728e+02   9.9249172e+02   1.4049092e+04
   0.0000000e+00   0.0000000e+00   0.0000000e+00   1.4004494e+03   1.7606900e+02   1.7449269e+02   9.7753297e+02   1.0099009e+03   3.8184465e+02   3.8268161e+02   6.4219897e+03   2.1365743e+03   2.1105246e+03   6.4179270e+02   6.4723951e+02   7.0558885e+03   6.1673393e+03   2.7480165e+03   2.8132145e+03   9.7776464e+02   9.9552846e+02   1.3912950e+04
   0.0000000e+00   0.0000000e+00   0.0000000e+00   1.4195409e+03   1.8226554e+02   1.8135759e+02   9.8310967e+02   1.0083468e+03   3.9157809e+02   3.9036099e+02   6.4471818e+03   2.1491089e+03   2.0934372e+03   6.4731871e+02   6.5939367e+02   7.1161050e+03   6.1654116e+03   2.8230475e+03   2.8189595e+03   9.8648653e+02   9.8629970e+02   1.3972735e+04
   0.0000000e+00   0.0000000e+00   0.0000000e+00   1.4239336e+03   1.9252447e+02   1.9676593e+02   1.0331437e+03   9.6291042e+02   4.0215424e+02   3.8466157e+02   6.2263491e+03   1.9782960e+03   2.1039229e+03   6.5645088e+02   6.5453170e+02   5.2453450e+03   7.6023671e+03   2.7765874e+03   2.6837451e+03   9.7294546e+02   9.7820678e+02   1.3559635e+04
   0.0000000e+00   0.0000000e+00   0.0000000e+00   1.4038862e+03   1.8199830e+02   1.7795381e+02   9.6099668e+02   1.0088682e+03   3.8489696e+02   3.8192357e+02   6.1983196e+03   2.0577066e+03   2.0054929e+03   6.4093102e+02   6.4757554e+02   6.9474008e+03   5.7683754e+03   2.7531869e+03   2.6933177e+03   9.6794861e+02   9.7089363e+02   1.3525939e+04
   0.0000000e+00   0.0000000e+00   0.0000000e+00   1.4159397e+03   1.8869382e+02   1.9348029e+02   9.7682944e+02   1.0158083e+03   3.9518609e+02   3.9391574e+02   6.1978083e+03   2.0851461e+03   2.0524385e+03   6.6158418e+02   6.5452987e+02   6.9795102e+03   5.7853059e+03   2.7553111e+03   2.6829073e+03   9.6420192e+02   9.6941806e+02   1.3458594e+04
   0.0000000e+00   0.0000000e+00   0.0000000e+00   1.3909456e+03   1.8383512e+02   1.7561285e+02   1.0253879e+03   9.3911481e+02   3.7837047e+02   3.8526697e+02   6.1412965e+03   2.0049207e+03   2.1088601e+03   6.3783516e+02   6.4949631e+02   5.2338846e+03   7.5774326e+03   2.7305999e+03   2.6973687e+03   9.7515776e+02   9.6991755e+02   1.3565940e+04
   0.0000000e+00   0.0000000e+00   0.0000000e+00   1.3970914e+03   1.8027710e+02   1.7890923e+02   9.6747071e+02   9.9748364e+02   3.8208203e+02   3.7895843e+02   6.1334393e+03   2.0896800e+03   2.0206989e+03   6.4258370e+02   6.4487596e+02   6.9400575e+03   5.7743335e+03   2.7406266e+03   2.6718710e+03   9.5711592e+02   9.6723649e+02   1.3455879e+04
   0.0000000e+00   0.0000000e+00   0.0000000e+00   1.4204341e+03   2.0381677e+02   2.0917554e+02   9.8362154e+02   1.0253222e+03   4.0890044e+02   4.1641230e+02   6.1978938e+03   2.1009279e+03   2.0354866e+03   6.6190686e+02   6.6140476e+02   6.9582377e+03   5.8250314e+03   2.7533464e+03   2.6829175e+03   9.8854399e+02   9.8746025e+02   1.3519570e+04
