   0.0000000e+00
   0.0000000e+00
   3.2822363e-01
   3.2822363e-01
   4.6414114e-17
  -3.2822363e-01
  -3.2822363e-01
   0.0000000e+00
   7.2832736e-01
   7.2832736e-01
   1.0299280e-16
  -7.2832736e-01
  -7.2832736e-01
   0.0000000e+00
   1.0712734e+00
   1.0712734e+00
   1.5148881e-16
  -1.0712734e+00
  -1.0712734e+00
   0.0000000e+00
   1.3293490e+00
   1.3293490e+00
   1.8798328e-16
  -1.3293490e+00
  -1.3293490e+00
   0.0000000e+00
   1.4791714e+00
   1.4791714e+00
   2.0916967e-16
  -1.4791714e+00
  -1.4791714e+00
