 2.5424E+000   1.5000E+000   8.5636E-001  -2.3094E-001  -9.9896E-001  -5.8984E-001  -3.7598E-002  -6.5386E-002  -3.3062E-001  -4.0098E-003  -1.7253E-001  -2.8637E-002  -4.8058E-002   2.1954E-002  -4.0364E-002   7.6212E-002   4.3519E-002   1.6029E-003   1.0500E-001  -7.8305E-003   4.9325E-003  -1.7325E-002   2.1930E-002   1.2937E-001  
 2.4203E+000   1.6876E+000   7.2333E-001  -5.4173E-002  -5.1091E-001  -4.8655E-001  -4.6990E-002  -1.0962E-001  -2.9865E-001  -1.1105E-001  -9.7375E-002   1.3560E-002   1.4248E-002   1.0442E-003  -2.0914E-002   2.9245E-002   1.2604E-002   2.7499E-002   7.3821E-002  -3.0283E-003   6.2641E-003  -1.3504E-002   2.7311E-002   1.5108E-001  
 2.2469E+000   1.8945E+000   5.4186E-001   4.5253E-003  -2.5469E-001  -4.0883E-001  -2.6645E-002  -9.3248E-002  -2.0569E-001  -1.8601E-001  -6.7928E-002   3.2908E-002   2.0504E-002  -6.1580E-003  -1.2686E-002   1.6434E-002   4.7482E-003   4.3496E-002   4.8124E-002   8.2612E-004   4.6250E-003  -1.2791E-002   2.6357E-002   1.3162E-001  
 2.1305E+000   2.0202E+000   2.8806E-001   3.1975E-002  -1.0177E-001  -3.4964E-001  -1.1404E-002  -8.0156E-002  -1.0337E-001  -2.2852E-001  -5.2426E-002   4.3859E-002   1.2771E-002  -1.0351E-002  -6.6333E-003   1.0352E-002   1.5239E-003   5.3391E-002   2.4156E-002   3.3566E-003   2.9101E-003  -1.2454E-002   2.5893E-002   1.2850E-001  
 2.0904E+000   2.0612E+000   2.2980E-015   4.0232E-002   1.8811E-016  -3.2753E-001   1.7783E-015  -7.5924E-002  -7.4694E-015  -2.4234E-001  -4.7427E-002   4.7681E-002  -7.5206E-015  -1.1671E-002  -2.0058E-015   8.4032E-003  -9.1550E-015   5.6569E-002  -1.7266E-015   4.3018E-003  -4.5715E-015  -1.2406E-002   2.5706E-002   1.2789E-001  
 2.1305E+000   2.0202E+000  -2.8806E-001   3.1975E-002   1.0177E-001  -3.4964E-001   1.1404E-002  -8.0156E-002   1.0337E-001  -2.2852E-001  -5.2426E-002   4.3859E-002  -1.2771E-002  -1.0351E-002   6.6333E-003   1.0352E-002  -1.5239E-003   5.3391E-002  -2.4156E-002   3.3566E-003  -2.9101E-003  -1.2454E-002   2.5893E-002   1.2850E-001  
 2.2469E+000   1.8945E+000  -5.4186E-001   4.5253E-003   2.5469E-001  -4.0883E-001   2.6645E-002  -9.3248E-002   2.0569E-001  -1.8601E-001  -6.7928E-002   3.2908E-002  -2.0504E-002  -6.1580E-003   1.2686E-002   1.6434E-002  -4.7482E-003   4.3496E-002  -4.8124E-002   8.2612E-004  -4.6250E-003  -1.2791E-002   2.6357E-002   1.3162E-001  
 2.4203E+000   1.6876E+000  -7.2333E-001  -5.4173E-002   5.1091E-001  -4.8655E-001   4.6990E-002  -1.0962E-001   2.9865E-001  -1.1105E-001  -9.7375E-002   1.3560E-002  -1.4248E-002   1.0442E-003   2.0914E-002   2.9245E-002  -1.2604E-002   2.7499E-002  -7.3821E-002  -3.0283E-003  -6.2641E-003  -1.3504E-002   2.7311E-002   1.5108E-001  
 2.5424E+000   1.5000E+000  -8.5636E-001  -2.3094E-001   9.9896E-001  -5.8984E-001   3.7598E-002  -6.5386E-002   3.3062E-001  -4.0098E-003  -1.7253E-001  -2.8637E-002   4.8058E-002   2.1954E-002   4.0364E-002   7.6212E-002  -4.3519E-002   1.6029E-003  -1.0500E-001  -7.8305E-003  -4.9325E-003  -1.7325E-002   2.1930E-002   1.2937E-001  
 2.2088E+000   1.6604E+000   1.1063E+000   1.3987E-002  -4.0725E-001  -1.6995E-001  -5.0721E-002  -7.6155E-002  -2.6340E-001   5.1289E-002  -6.2813E-002   1.5886E-002   3.8027E-002   9.4900E-003  -9.5772E-003   1.2366E-002   8.3161E-003  -1.1991E-002   6.1533E-002  -4.4985E-003   9.5753E-004  -1.2786E-002   2.6196E-002   1.3056E-001  
 1.9222E+000   1.9053E+000   9.5252E-001   6.9724E-002  -1.5368E-001  -1.1531E-001  -2.5545E-002  -5.1115E-002  -2.0655E-001  -3.7617E-002  -2.8003E-002   3.2877E-002   4.3873E-002   2.7064E-003  -9.1079E-003   2.1119E-004   1.6675E-004   8.6994E-003   4.7821E-002  -2.6502E-003   2.8085E-003  -1.1972E-002   2.5179E-002   1.2330E-001  
 1.6924E+000   2.0731E+000   6.9160E-001   9.7780E-002  -2.8914E-002  -3.8562E-002  -1.1501E-002  -3.4499E-002  -1.4207E-001  -9.8218E-002  -4.8905E-003   4.8770E-002   3.6680E-002  -1.8187E-003  -6.3827E-003  -8.3216E-003  -2.7333E-003   2.2197E-002   3.2106E-002  -1.3371E-004   2.8776E-003  -1.1533E-002   2.4431E-002   1.1791E-001  
 1.5431E+000   2.1714E+000   3.6114E-001   1.0969E-001   7.9294E-003   2.3124E-002  -4.1285E-003  -2.4942E-002  -7.2086E-002  -1.3373E-001   8.2905E-003   5.9780E-002   2.0481E-002  -3.9541E-003  -3.1025E-003  -1.3359E-002  -2.1780E-003   2.9606E-002   1.5943E-002   1.4392E-003   1.5700E-003  -1.1388E-002   2.3953E-002   1.1173E-001  
 1.4918E+000   2.2035E+000  -5.5723E-015   1.1277E-001  -9.1404E-016   4.6062E-002  -5.9094E-015  -2.1813E-002   6.4013E-015  -1.4526E-001   1.2483E-002   6.3611E-002   6.3160E-015  -4.5370E-003  -7.9362E-015  -1.4934E-002  -8.9689E-015   3.1958E-002   2.5119E-015   1.8922E-003  -7.6015E-015  -1.1374E-002   2.3762E-002   1.0933E-001  
 1.5431E+000   2.1714E+000  -3.6114E-001   1.0969E-001  -7.9294E-003   2.3124E-002   4.1285E-003  -2.4942E-002   7.2086E-002  -1.3373E-001   8.2905E-003   5.9780E-002  -2.0481E-002  -3.9541E-003   3.1025E-003  -1.3359E-002   2.1780E-003   2.9606E-002  -1.5943E-002   1.4392E-003  -1.5700E-003  -1.1388E-002   2.3953E-002   1.1173E-001  
 1.6924E+000   2.0731E+000  -6.9160E-001   9.7780E-002   2.8914E-002  -3.8562E-002   1.1501E-002  -3.4499E-002   1.4207E-001  -9.8218E-002  -4.8905E-003   4.8770E-002  -3.6680E-002  -1.8187E-003   6.3827E-003  -8.3216E-003   2.7333E-003   2.2197E-002  -3.2106E-002  -1.3371E-004  -2.8776E-003  -1.1533E-002   2.4431E-002   1.1791E-001  
 1.9222E+000   1.9053E+000  -9.5252E-001   6.9724E-002   1.5368E-001  -1.1531E-001   2.5545E-002  -5.1115E-002   2.0655E-001  -3.7617E-002  -2.8003E-002   3.2877E-002  -4.3873E-002   2.7064E-003   9.1079E-003   2.1119E-004  -1.6675E-004   8.6994E-003  -4.7821E-002  -2.6502E-003  -2.8085E-003  -1.1972E-002   2.5179E-002   1.2330E-001  
 2.2088E+000   1.6604E+000  -1.1063E+000   1.3987E-002   4.0725E-001  -1.6995E-001   5.0721E-002  -7.6155E-002   2.6340E-001   5.1289E-002  -6.2813E-002   1.5886E-002  -3.8027E-002   9.4900E-003   9.5772E-003   1.2366E-002  -8.3161E-003  -1.1991E-002  -6.1533E-002  -4.4985E-003  -9.5753E-004  -1.2786E-002   2.6196E-002   1.3056E-001  
 1.7397E+000   1.7008E+000   1.3594E+000   9.2950E-002  -7.2657E-002  -1.6390E-002  -2.5104E-002  -3.1451E-002  -1.6175E-001   7.8504E-002  -9.4104E-003   1.3262E-002   5.8533E-002   6.5319E-003  -3.0990E-003  -5.4955E-003  -4.3408E-003  -1.7903E-002   3.6786E-002  -3.0266E-003  -7.1067E-004  -1.1674E-002   2.4568E-002   1.2134E-001  
 1.3867E+000   1.8899E+000   1.1334E+000   1.1740E-001   7.5415E-002   4.0236E-002  -7.6788E-003  -1.2833E-002  -1.3201E-001   6.5938E-003   2.0449E-002   3.0046E-002   5.6349E-002   2.1822E-003  -3.2418E-003  -1.4727E-002  -8.7988E-003  -1.4239E-003   2.8861E-002  -1.5029E-003   7.2318E-004  -1.1639E-002   2.3197E-002   1.1010E-001  
 1.1056E+000   2.0194E+000   8.0817E-001   1.2173E-001   1.1283E-001   1.1835E-001   2.2012E-005   1.0931E-005  -9.2514E-002  -4.2303E-002   3.9453E-002   4.5037E-002   4.2976E-002  -1.0214E-004  -2.4604E-003  -2.0236E-002  -8.0682E-003   9.0862E-003   1.9892E-002  -3.3557E-004   1.0238E-003  -1.2664E-002   2.1422E-002   1.1695E-001  
 9.2405E-001   2.0950E+000   4.1797E-001   1.1928E-001   7.5235E-002   1.8100E-001   1.4640E-003   7.2838E-003  -4.7434E-002  -7.0728E-002   5.0246E-002   5.5373E-002   2.3038E-002  -1.1175E-003  -1.1571E-003  -2.3445E-002  -4.6452E-003   1.4904E-002   9.9878E-003   3.3624E-004   5.2486E-004  -1.3439E-002   2.0203E-002   1.2039E-001  
 8.6191E-001   2.1196E+000   3.6234E-015   1.1756E-001   1.6682E-016   2.0429E-001   5.2847E-015   9.6582E-003  -3.2526E-015  -7.9917E-002   5.3639E-002   5.8951E-002  -5.9222E-015  -1.3573E-003   5.5484E-015  -2.4419E-002   1.0442E-014   1.6771E-002  -3.1516E-015   4.4061E-004   3.3535E-015  -1.3814E-002   1.9713E-002   1.2208E-001  
 9.2405E-001   2.0950E+000  -4.1797E-001   1.1928E-001  -7.5235E-002   1.8100E-001  -1.4640E-003   7.2838E-003   4.7434E-002  -7.0728E-002   5.0246E-002   5.5373E-002  -2.3038E-002  -1.1175E-003   1.1571E-003  -2.3445E-002   4.6452E-003   1.4904E-002  -9.9878E-003   3.3624E-004  -5.2486E-004  -1.3439E-002   2.0203E-002   1.2039E-001  
 1.1056E+000   2.0194E+000  -8.0817E-001   1.2173E-001  -1.1283E-001   1.1835E-001  -2.2012E-005   1.0931E-005   9.2514E-002  -4.2303E-002   3.9453E-002   4.5037E-002  -4.2976E-002  -1.0214E-004   2.4604E-003  -2.0236E-002   8.0682E-003   9.0862E-003  -1.9892E-002  -3.3557E-004  -1.0238E-003  -1.2664E-002   2.1422E-002   1.1695E-001  
 1.3867E+000   1.8899E+000  -1.1334E+000   1.1740E-001  -7.5415E-002   4.0236E-002   7.6788E-003  -1.2833E-002   1.3201E-001   6.5938E-003   2.0449E-002   3.0046E-002  -5.6349E-002   2.1822E-003   3.2418E-003  -1.4727E-002   8.7988E-003  -1.4239E-003  -2.8861E-002  -1.5029E-003  -7.2318E-004  -1.1639E-002   2.3197E-002   1.1010E-001  
 1.7397E+000   1.7008E+000  -1.3594E+000   9.2950E-002   7.2657E-002  -1.6390E-002   2.5104E-002  -3.1451E-002   1.6175E-001   7.8504E-002  -9.4104E-003   1.3262E-002  -5.8533E-002   6.5319E-003   3.0990E-003  -5.4955E-003   4.3408E-003  -1.7903E-002  -3.6786E-002  -3.0266E-003   7.1067E-004  -1.1674E-002   2.4568E-002   1.2134E-001  
 2.5424E+000   8.5636E-001   1.5000E+000  -2.3094E-001  -9.9896E-001   5.8984E-001  -6.5386E-002  -3.7598E-002   4.0098E-003   3.3062E-001  -1.7253E-001   2.8637E-002  -4.8058E-002   2.1954E-002   4.0364E-002   4.3519E-002   7.6212E-002  -1.0500E-001  -1.6029E-003   4.9325E-003  -7.8305E-003  -1.7325E-002   2.1930E-002   1.2937E-001  
 2.2088E+000   1.1063E+000   1.6604E+000   1.3987E-002  -4.0725E-001   1.6995E-001  -7.6155E-002  -5.0721E-002  -5.1289E-002   2.6340E-001  -6.2813E-002  -1.5886E-002   3.8027E-002   9.4900E-003   9.5772E-003   8.3161E-003   1.2366E-002  -6.1533E-002   1.1991E-002   9.5753E-004  -4.4985E-003  -1.2786E-002   2.6196E-002   1.3056E-001  
 1.7397E+000   1.3594E+000   1.7008E+000   9.2950E-002  -7.2657E-002   1.6390E-002  -3.1451E-002  -2.5104E-002  -7.8504E-002   1.6175E-001  -9.4104E-003  -1.3262E-002   5.8533E-002   6.5319E-003   3.0990E-003  -4.3408E-003  -5.4955E-003  -3.6786E-002   1.7903E-002  -7.1066E-004  -3.0266E-003  -1.1674E-002   2.4568E-002   1.2134E-001  
 1.2740E+000   1.5536E+000   1.5536E+000   1.2039E-001   1.2120E-001   4.5805E-012  -5.9202E-003  -5.9202E-003  -8.4304E-002   8.4304E-002   2.8371E-002  -2.6338E-012   6.3535E-002   3.2475E-003   5.1613E-013  -1.3546E-002  -1.3546E-002  -1.8312E-002   1.8312E-002  -9.7318E-004  -9.7318E-004  -1.2085E-002   2.2484E-002   1.1296E-001  
 8.5947E-001   1.6949E+000   1.2717E+000   1.1750E-001   1.9647E-001   5.7200E-002   5.8490E-003   7.7884E-003  -7.4641E-002   2.8129E-002   5.3767E-002   1.6479E-002   5.6635E-002   1.1562E-003  -7.1478E-004  -1.9557E-002  -1.4655E-002  -5.8728E-003   1.5599E-002  -4.3059E-004  -3.8891E-005  -1.3798E-002   1.9752E-002   1.2073E-001  
 5.3181E-001   1.7911E+000   8.9682E-001   1.0217E-001   1.8185E-001   1.3603E-001   8.5918E-003   1.7152E-002  -5.4573E-002  -9.8168E-003   6.9707E-002   3.1063E-002   4.1577E-002   1.9856E-004  -7.0556E-004  -2.2873E-002  -1.1441E-002   2.0731E-003   1.1425E-002  -9.7143E-005   1.2943E-004  -1.6104E-002   1.6621E-002   1.1140E-001  
 3.2095E-001   1.8471E+000   4.6105E-001   8.7700E-002   1.0604E-001   1.9912E-001   5.6146E-003   2.2468E-002  -2.8527E-002  -3.1612E-002   7.8662E-002   4.0936E-002   2.1823E-002  -2.7945E-004  -4.1311E-004  -2.4801E-002  -6.1735E-003   6.6849E-003   6.0097E-003   6.1880E-005   1.1995E-004  -1.7595E-002   1.4529E-002   1.0083E-001  
 2.4897E-001   1.8652E+000   1.6713E-015   8.2048E-002   3.4175E-015   2.2258E-001   3.2152E-015   2.4158E-002  -1.3870E-015  -3.8630E-002   8.1505E-002   4.4389E-002  -5.5165E-016  -4.3192E-004   5.2814E-015  -2.5449E-002   1.0220E-015   8.1899E-003  -1.1601E-015   1.1653E-004  -5.0419E-015  -1.8086E-002   1.3821E-002   1.0000E-001  
 3.2095E-001   1.8471E+000  -4.6105E-001   8.7700E-002  -1.0604E-001   1.9912E-001  -5.6146E-003   2.2468E-002   2.8527E-002  -3.1612E-002   7.8662E-002   4.0936E-002  -2.1823E-002  -2.7945E-004   4.1311E-004  -2.4801E-002   6.1735E-003   6.6849E-003  -6.0097E-003   6.1880E-005  -1.1995E-004  -1.7595E-002   1.4529E-002   1.0083E-001  
 5.3181E-001   1.7911E+000  -8.9682E-001   1.0217E-001  -1.8185E-001   1.3603E-001  -8.5918E-003   1.7152E-002   5.4573E-002  -9.8168E-003   6.9707E-002   3.1063E-002  -4.1577E-002   1.9856E-004   7.0556E-004  -2.2873E-002   1.1441E-002   2.0731E-003  -1.1425E-002  -9.7143E-005  -1.2943E-004  -1.6104E-002   1.6621E-002   1.1140E-001  
 8.5947E-001   1.6949E+000  -1.2717E+000   1.1750E-001  -1.9647E-001   5.7200E-002  -5.8490E-003   7.7884E-003   7.4641E-002   2.8129E-002   5.3767E-002   1.6479E-002  -5.6635E-002   1.1562E-003   7.1478E-004  -1.9557E-002   1.4655E-002  -5.8728E-003  -1.5599E-002  -4.3059E-004   3.8891E-005  -1.3798E-002   1.9752E-002   1.2073E-001  
 1.2740E+000   1.5536E+000  -1.5536E+000   1.2039E-001  -1.2120E-001   4.5748E-012   5.9202E-003  -5.9202E-003   8.4304E-002   8.4304E-002   2.8371E-002  -2.6369E-012  -6.3535E-002   3.2475E-003  -5.1683E-013  -1.3546E-002   1.3546E-002  -1.8312E-002  -1.8312E-002  -9.7318E-004   9.7318E-004  -1.2085E-002   2.2484E-002   1.1296E-001  
 1.7397E+000   1.3594E+000  -1.7008E+000   9.2950E-002   7.2657E-002   1.6390E-002   3.1451E-002  -2.5104E-002   7.8504E-002   1.6175E-001  -9.4104E-003  -1.3262E-002  -5.8533E-002   6.5319E-003  -3.0990E-003  -4.3408E-003   5.4955E-003  -3.6786E-002  -1.7903E-002  -7.1066E-004   3.0266E-003  -1.1674E-002   2.4568E-002   1.2134E-001  
 2.2088E+000   1.1063E+000  -1.6604E+000   1.3987E-002   4.0725E-001   1.6995E-001   7.6155E-002  -5.0721E-002   5.1289E-002   2.6340E-001  -6.2813E-002  -1.5886E-002  -3.8027E-002   9.4900E-003  -9.5772E-003   8.3161E-003  -1.2366E-002  -6.1533E-002  -1.1991E-002   9.5753E-004   4.4985E-003  -1.2786E-002   2.6196E-002   1.3056E-001  
 2.5424E+000   8.5636E-001  -1.5000E+000  -2.3094E-001   9.9896E-001   5.8984E-001   6.5386E-002  -3.7598E-002  -4.0098E-003   3.3062E-001  -1.7253E-001   2.8637E-002   4.8058E-002   2.1954E-002  -4.0364E-002   4.3519E-002  -7.6212E-002  -1.0500E-001   1.6029E-003   4.9325E-003   7.8305E-003  -1.7325E-002   2.1930E-002   1.2937E-001  
 2.4203E+000   7.2333E-001   1.6876E+000  -5.4173E-002  -5.1091E-001   4.8655E-001  -1.0962E-001  -4.6990E-002   1.1105E-001   2.9865E-001  -9.7375E-002  -1.3560E-002   1.4248E-002   1.0442E-003   2.0914E-002   1.2604E-002   2.9245E-002  -7.3821E-002  -2.7499E-002   6.2641E-003  -3.0283E-003  -1.3504E-002   2.7311E-002   1.5108E-001  
 1.9222E+000   9.5252E-001   1.9053E+000   6.9724E-002  -1.5368E-001   1.1531E-001  -5.1115E-002  -2.5545E-002   3.7617E-002   2.0655E-001  -2.8003E-002  -3.2877E-002   4.3873E-002   2.7064E-003   9.1079E-003   1.6675E-004   2.1119E-004  -4.7821E-002  -8.6994E-003   2.8085E-003  -2.6502E-003  -1.1972E-002   2.5179E-002   1.2330E-001  
 1.3867E+000   1.1334E+000   1.8899E+000   1.1740E-001   7.5415E-002  -4.0236E-002  -1.2833E-002  -7.6788E-003  -6.5938E-003   1.3201E-001   2.0449E-002  -3.0046E-002   5.6349E-002   2.1822E-003   3.2418E-003  -8.7988E-003  -1.4727E-002  -2.8861E-002   1.4239E-003   7.2318E-004  -1.5029E-003  -1.1639E-002   2.3197E-002   1.1010E-001  
 8.5947E-001   1.2717E+000   1.6949E+000   1.1750E-001   1.9647E-001  -5.7200E-002   7.7884E-003   5.8490E-003  -2.8129E-002   7.4641E-002   5.3767E-002  -1.6479E-002   5.6635E-002   1.1562E-003   7.1478E-004  -1.4655E-002  -1.9557E-002  -1.5599E-002   5.8728E-003  -3.8891E-005  -4.3059E-004  -1.3798E-002   1.9752E-002   1.2073E-001  
 3.9339E-001   1.3719E+000   1.3719E+000   9.3032E-002   2.2740E-001   3.1716E-012   1.5528E-002   1.5528E-002  -3.3084E-002   3.3084E-002   7.5679E-002  -9.9278E-013   4.8388E-002   5.5789E-004  -5.0427E-012  -1.8108E-002  -1.8108E-002  -6.9512E-003   6.9512E-003  -8.8704E-005  -8.8704E-005  -1.7092E-002   1.5269E-002   1.0343E-001  
 2.6975E-002   1.4394E+000   9.6055E-001   6.2527E-002   1.9037E-001   7.9106E-002   1.4534E-002   2.1775E-002  -2.7311E-002   5.3876E-003   8.9747E-002   1.4540E-002   3.5030E-002   1.7946E-004  -1.8993E-004  -2.0545E-002  -1.3701E-002  -1.1386E-003   5.8093E-003  -4.6307E-005   1.9058E-005  -1.9568E-002   1.1729E-002   8.3203E-002  
-2.0811E-001   1.4786E+000   4.9188E-001   3.8774E-002   1.0662E-001   1.4249E-001   8.4095E-003   2.5264E-002  -1.5096E-002  -1.0481E-002   9.7621E-002   2.4432E-002   1.8303E-002  -5.0188E-005  -1.4039E-004  -2.2032E-002  -7.3228E-003   2.2654E-003   3.2467E-003   9.0900E-006   3.5986E-005  -2.1027E-002   9.5194E-003   7.0112E-002  
-2.8825E-001   1.4913E+000   3.9496E-015   3.0009E-002  -1.4732E-015   1.6606E-001   2.0306E-015   2.6366E-002  -1.0823E-015  -1.5590E-002   1.0013E-001   2.7888E-002   2.0595E-016  -1.2365E-004  -1.6311E-015  -2.2533E-002   2.1513E-015   3.3828E-003  -2.4702E-015   3.2234E-005   2.7327E-015  -2.1517E-002   8.7813E-003   6.7793E-002  
-2.0811E-001   1.4786E+000  -4.9188E-001   3.8774E-002  -1.0662E-001   1.4249E-001  -8.4095E-003   2.5264E-002   1.5096E-002  -1.0481E-002   9.7621E-002   2.4432E-002  -1.8303E-002  -5.0188E-005   1.4039E-004  -2.2032E-002   7.3228E-003   2.2654E-003  -3.2467E-003   9.0900E-006  -3.5986E-005  -2.1027E-002   9.5194E-003   7.0112E-002  
 2.6975E-002   1.4394E+000  -9.6055E-001   6.2527E-002  -1.9037E-001   7.9106E-002  -1.4534E-002   2.1775E-002   2.7311E-002   5.3876E-003   8.9747E-002   1.4540E-002  -3.5030E-002   1.7946E-004   1.8993E-004  -2.0545E-002   1.3701E-002  -1.1386E-003  -5.8093E-003  -4.6307E-005  -1.9058E-005  -1.9568E-002   1.1729E-002   8.3203E-002  
 3.9339E-001   1.3719E+000  -1.3719E+000   9.3032E-002  -2.2740E-001   3.1703E-012  -1.5528E-002   1.5528E-002   3.3084E-002   3.3084E-002   7.5679E-002  -9.9228E-013  -4.8388E-002   5.5789E-004   5.0419E-012  -1.8108E-002   1.8108E-002  -6.9512E-003  -6.9512E-003  -8.8704E-005   8.8704E-005  -1.7092E-002   1.5269E-002   1.0343E-001  
 8.5947E-001   1.2717E+000  -1.6949E+000   1.1750E-001  -1.9647E-001  -5.7200E-002  -7.7884E-003   5.8490E-003   2.8129E-002   7.4641E-002   5.3767E-002  -1.6479E-002  -5.6635E-002   1.1562E-003  -7.1478E-004  -1.4655E-002   1.9557E-002  -1.5599E-002  -5.8728E-003  -3.8891E-005   4.3059E-004  -1.3798E-002   1.9752E-002   1.2073E-001  
 1.3867E+000   1.1334E+000  -1.8899E+000   1.1740E-001  -7.5415E-002  -4.0236E-002   1.2833E-002  -7.6788E-003   6.5938E-003   1.3201E-001   2.0449E-002  -3.0046E-002  -5.6349E-002   2.1822E-003  -3.2418E-003  -8.7988E-003   1.4727E-002  -2.8861E-002  -1.4239E-003   7.2318E-004   1.5029E-003  -1.1639E-002   2.3197E-002   1.1010E-001  
 1.9222E+000   9.5252E-001  -1.9053E+000   6.9724E-002   1.5368E-001   1.1531E-001   5.1115E-002  -2.5545E-002  -3.7617E-002   2.0655E-001  -2.8003E-002  -3.2877E-002  -4.3873E-002   2.7064E-003  -9.1079E-003   1.6675E-004  -2.1119E-004  -4.7821E-002   8.6994E-003   2.8085E-003   2.6502E-003  -1.1972E-002   2.5179E-002   1.2330E-001  
 2.4203E+000   7.2333E-001  -1.6876E+000  -5.4173E-002   5.1091E-001   4.8655E-001   1.0962E-001  -4.6990E-002  -1.1105E-001   2.9865E-001  -9.7375E-002  -1.3560E-002  -1.4248E-002   1.0442E-003  -2.0914E-002   1.2604E-002  -2.9245E-002  -7.3821E-002   2.7499E-002   6.2641E-003   3.0283E-003  -1.3504E-002   2.7311E-002   1.5108E-001  
 2.2469E+000   5.4186E-001   1.8945E+000   4.5253E-003  -2.5469E-001   4.0883E-001  -9.3248E-002  -2.6645E-002   1.8601E-001   2.0569E-001  -6.7928E-002  -3.2908E-002   2.0504E-002  -6.1580E-003   1.2686E-002   4.7482E-003   1.6434E-002  -4.8124E-002  -4.3496E-002   4.6250E-003   8.2612E-004  -1.2791E-002   2.6357E-002   1.3162E-001  
 1.6924E+000   6.9160E-001   2.0731E+000   9.7780E-002  -2.8914E-002   3.8562E-002  -3.4499E-002  -1.1501E-002   9.8218E-002   1.4207E-001  -4.8905E-003  -4.8770E-002   3.6680E-002  -1.8187E-003   6.3827E-003  -2.7333E-003  -8.3216E-003  -3.2106E-002  -2.2197E-002   2.8776E-003  -1.3371E-004  -1.1533E-002   2.4431E-002   1.1791E-001  
 1.1056E+000   8.0817E-001   2.0194E+000   1.2173E-001   1.1283E-001  -1.1835E-001   1.0931E-005   2.2012E-005   4.2303E-002   9.2514E-002   3.9453E-002  -4.5037E-002   4.2976E-002  -1.0214E-004   2.4604E-003  -8.0682E-003  -2.0236E-002  -1.9892E-002  -9.0862E-003   1.0238E-003  -3.3557E-004  -1.2664E-002   2.1422E-002   1.1695E-001  
 5.3181E-001   8.9682E-001   1.7911E+000   1.0217E-001   1.8185E-001  -1.3603E-001   1.7152E-002   8.5918E-003   9.8168E-003   5.4573E-002   6.9707E-002  -3.1063E-002   4.1577E-002   1.9856E-004   7.0556E-004  -1.1441E-002  -2.2873E-002  -1.1425E-002  -2.0731E-003   1.2943E-004  -9.7143E-005  -1.6104E-002   1.6621E-002   1.1140E-001  
 2.6975E-002   9.6055E-001   1.4394E+000   6.2527E-002   1.9037E-001  -7.9106E-002   2.1775E-002   1.4534E-002  -5.3876E-003   2.7311E-002   8.9747E-002  -1.4540E-002   3.5030E-002   1.7946E-004   1.8993E-004  -1.3701E-002  -2.0545E-002  -5.8093E-003   1.1386E-003   1.9058E-005  -4.6307E-005  -1.9568E-002   1.1729E-002   8.3203E-002  
-3.6865E-001   1.0034E+000   1.0034E+000   2.0899E-002   1.5308E-001  -1.9973E-013   1.8310E-002   1.8310E-002  -9.2157E-003   9.2157E-003   1.0256E-001   2.1633E-012   2.5241E-002   7.9076E-005  -3.8459E-012  -1.5358E-002  -1.5358E-002  -2.0003E-003   2.0003E-003  -6.5393E-006  -6.5393E-006  -2.1997E-002   8.0775E-003   5.9726E-002  
-6.2195E-001   1.0282E+000   5.1257E-001  -9.7805E-003   8.4210E-002   6.3461E-002   1.0151E-002   2.0361E-002  -6.1936E-003  -1.1423E-003   1.0974E-001   9.8898E-003   1.3136E-002   7.1473E-007  -3.1545E-005  -1.6344E-002  -8.1459E-003   2.5815E-004   1.3603E-003   3.3969E-006   7.8189E-006  -2.3517E-002   5.8629E-003   4.4604E-002  
-7.0820E-001   1.0362E+000   4.7337E-015  -2.0860E-002  -8.5038E-016   8.7080E-002   8.4541E-015   2.1004E-002  -7.9228E-015  -4.4759E-003   1.1202E-001   1.3343E-002  -2.1177E-015  -2.8340E-005   1.9011E-015  -1.6669E-002   1.1473E-014   9.9645E-004  -8.9684E-015   9.7834E-006   8.6024E-015  -2.4025E-002   5.1416E-003   4.1269E-002  
-6.2195E-001   1.0282E+000  -5.1257E-001  -9.7805E-003  -8.4210E-002   6.3461E-002  -1.0151E-002   2.0361E-002   6.1936E-003  -1.1423E-003   1.0974E-001   9.8898E-003  -1.3136E-002   7.1473E-007   3.1545E-005  -1.6344E-002   8.1459E-003   2.5815E-004  -1.3603E-003   3.3969E-006  -7.8189E-006  -2.3517E-002   5.8629E-003   4.4604E-002  
-3.6865E-001   1.0034E+000  -1.0034E+000   2.0899E-002  -1.5308E-001  -2.0111E-013  -1.8310E-002   1.8310E-002   9.2157E-003   9.2157E-003   1.0256E-001   2.1609E-012  -2.5241E-002   7.9076E-005   3.8450E-012  -1.5358E-002   1.5358E-002  -2.0003E-003  -2.0003E-003  -6.5393E-006   6.5393E-006  -2.1997E-002   8.0775E-003   5.9726E-002  
 2.6975E-002   9.6055E-001  -1.4394E+000   6.2527E-002  -1.9037E-001  -7.9106E-002  -2.1775E-002   1.4534E-002   5.3876E-003   2.7311E-002   8.9747E-002  -1.4540E-002  -3.5030E-002   1.7946E-004  -1.8993E-004  -1.3701E-002   2.0545E-002  -5.8093E-003  -1.1386E-003   1.9058E-005   4.6307E-005  -1.9568E-002   1.1729E-002   8.3203E-002  
 5.3181E-001   8.9682E-001  -1.7911E+000   1.0217E-001  -1.8185E-001  -1.3603E-001  -1.7152E-002   8.5918E-003  -9.8168E-003   5.4573E-002   6.9707E-002  -3.1063E-002  -4.1577E-002   1.9856E-004  -7.0556E-004  -1.1441E-002   2.2873E-002  -1.1425E-002   2.0731E-003   1.2943E-004   9.7143E-005  -1.6104E-002   1.6621E-002   1.1140E-001  
 1.1056E+000   8.0817E-001  -2.0194E+000   1.2173E-001  -1.1283E-001  -1.1835E-001  -1.0931E-005   2.2012E-005  -4.2303E-002   9.2514E-002   3.9453E-002  -4.5037E-002  -4.2976E-002  -1.0214E-004  -2.4604E-003  -8.0682E-003   2.0236E-002  -1.9892E-002   9.0862E-003   1.0238E-003   3.3557E-004  -1.2664E-002   2.1422E-002   1.1695E-001  
 1.6924E+000   6.9160E-001  -2.0731E+000   9.7780E-002   2.8914E-002   3.8562E-002   3.4499E-002  -1.1501E-002  -9.8218E-002   1.4207E-001  -4.8905E-003  -4.8770E-002  -3.6680E-002  -1.8187E-003  -6.3827E-003  -2.7333E-003   8.3216E-003  -3.2106E-002   2.2197E-002   2.8776E-003   1.3371E-004  -1.1533E-002   2.4431E-002   1.1791E-001  
 2.2469E+000   5.4186E-001  -1.8945E+000   4.5253E-003   2.5469E-001   4.0883E-001   9.3248E-002  -2.6645E-002  -1.8601E-001   2.0569E-001  -6.7928E-002  -3.2908E-002  -2.0504E-002  -6.1580E-003  -1.2686E-002   4.7482E-003  -1.6434E-002  -4.8124E-002   4.3496E-002   4.6250E-003  -8.2612E-004  -1.2791E-002   2.6357E-002   1.3162E-001  
 2.1305E+000   2.8806E-001   2.0202E+000   3.1975E-002  -1.0177E-001   3.4964E-001  -8.0156E-002  -1.1404E-002   2.2852E-001   1.0337E-001  -5.2426E-002  -4.3859E-002   1.2771E-002  -1.0351E-002   6.6333E-003   1.5239E-003   1.0352E-002  -2.4156E-002  -5.3391E-002   2.9101E-003   3.3566E-003  -1.2454E-002   2.5893E-002   1.2850E-001  
 1.5431E+000   3.6114E-001   2.1714E+000   1.0969E-001   7.9294E-003  -2.3124E-002  -2.4942E-002  -4.1285E-003   1.3373E-001   7.2086E-002   8.2905E-003  -5.9780E-002   2.0481E-002  -3.9541E-003   3.1025E-003  -2.1780E-003  -1.3359E-002  -1.5943E-002  -2.9606E-002   1.5700E-003   1.4392E-003  -1.1388E-002   2.3953E-002   1.1173E-001  
 9.2405E-001   4.1797E-001   2.0950E+000   1.1928E-001   7.5235E-002  -1.8100E-001   7.2838E-003   1.4640E-003   7.0728E-002   4.7434E-002   5.0246E-002  -5.5373E-002   2.3038E-002  -1.1175E-003   1.1571E-003  -4.6452E-003  -2.3445E-002  -9.9878E-003  -1.4904E-002   5.2486E-004   3.3624E-004  -1.3439E-002   2.0203E-002   1.2039E-001  
 3.2095E-001   4.6105E-001   1.8471E+000   8.7700E-002   1.0604E-001  -1.9912E-001   2.2468E-002   5.6146E-003   3.1612E-002   2.8527E-002   7.8662E-002  -4.0936E-002   2.1823E-002  -2.7945E-004   4.1311E-004  -6.1735E-003  -2.4801E-002  -6.0097E-003  -6.6849E-003   1.1995E-004   6.1880E-005  -1.7595E-002   1.4529E-002   1.0083E-001  
-2.0811E-001   4.9188E-001   1.4786E+000   3.8774E-002   1.0662E-001  -1.4249E-001   2.5264E-002   8.4095E-003   1.0481E-002   1.5096E-002   9.7621E-002  -2.4432E-002   1.8303E-002  -5.0188E-005   1.4039E-004  -7.3228E-003  -2.2032E-002  -3.2467E-003  -2.2654E-003   3.5986E-005   9.0900E-006  -2.1027E-002   9.5194E-003   7.0112E-002  
-6.2195E-001   5.1257E-001   1.0282E+000  -9.7805E-003   8.4210E-002  -6.3461E-002   2.0361E-002   1.0151E-002   1.1423E-003   6.1936E-003   1.0974E-001  -9.8898E-003   1.3136E-002   7.1474E-007   3.1545E-005  -8.1459E-003  -1.6344E-002  -1.3603E-003  -2.5815E-004   7.8189E-006   3.3969E-006  -2.3517E-002   5.8629E-003   4.4604E-002  
-8.8659E-001   5.2451E-001   5.2451E-001  -4.4720E-002   4.5943E-002   4.7573E-012   1.1094E-002   1.1094E-002  -1.0982E-003   1.0982E-003   1.1651E-001   1.2150E-011   6.8245E-003  -3.0542E-006  -1.2611E-011  -8.6315E-003  -8.6315E-003  -2.4232E-004   2.4232E-004   3.2991E-006   3.2991E-006  -2.5066E-002   3.7637E-003   2.7149E-002  
-9.7666E-001   5.2837E-001   2.9561E-015  -5.7225E-002   1.4337E-015   2.3628E-002  -4.7618E-015   1.1385E-002   4.1988E-015  -5.4069E-004   1.1866E-001   3.4543E-003   7.0379E-016  -9.6030E-006  -1.6966E-015  -8.7900E-003  -5.4958E-015   1.2519E-004   3.0120E-015   3.5678E-006  -3.0835E-015  -2.5588E-002   3.1527E-003   2.1550E-002  
-8.8659E-001   5.2451E-001  -5.2451E-001  -4.4720E-002  -4.5943E-002   4.7565E-012  -1.1094E-002   1.1094E-002   1.0982E-003   1.0982E-003   1.1651E-001   1.2149E-011  -6.8245E-003  -3.0542E-006   1.2614E-011  -8.6315E-003   8.6315E-003  -2.4232E-004  -2.4232E-004   3.2991E-006  -3.2991E-006  -2.5066E-002   3.7637E-003   2.7149E-002  
-6.2195E-001   5.1257E-001  -1.0282E+000  -9.7805E-003  -8.4210E-002  -6.3461E-002  -2.0361E-002   1.0151E-002  -1.1423E-003   6.1936E-003   1.0974E-001  -9.8898E-003  -1.3136E-002   7.1474E-007  -3.1545E-005  -8.1459E-003   1.6344E-002  -1.3603E-003   2.5815E-004   7.8189E-006  -3.3969E-006  -2.3517E-002   5.8629E-003   4.4604E-002  
-2.0811E-001   4.9188E-001  -1.4786E+000   3.8774E-002  -1.0662E-001  -1.4249E-001  -2.5264E-002   8.4095E-003  -1.0481E-002   1.5096E-002   9.7621E-002  -2.4432E-002  -1.8303E-002  -5.0188E-005  -1.4039E-004  -7.3228E-003   2.2032E-002  -3.2467E-003   2.2654E-003   3.5986E-005  -9.0900E-006  -2.1027E-002   9.5194E-003   7.0112E-002  
 3.2095E-001   4.6105E-001  -1.8471E+000   8.7700E-002  -1.0604E-001  -1.9912E-001  -2.2468E-002   5.6146E-003  -3.1612E-002   2.8527E-002   7.8662E-002  -4.0936E-002  -2.1823E-002  -2.7945E-004  -4.1311E-004  -6.1735E-003   2.4801E-002  -6.0097E-003   6.6849E-003   1.1995E-004  -6.1880E-005  -1.7595E-002   1.4529E-002   1.0083E-001  
 9.2405E-001   4.1797E-001  -2.0950E+000   1.1928E-001  -7.5235E-002  -1.8100E-001  -7.2838E-003   1.4640E-003  -7.0728E-002   4.7434E-002   5.0246E-002  -5.5373E-002  -2.3038E-002  -1.1175E-003  -1.1571E-003  -4.6452E-003   2.3445E-002  -9.9878E-003   1.4904E-002   5.2486E-004  -3.3624E-004  -1.3439E-002   2.0203E-002   1.2039E-001  
 1.5431E+000   3.6114E-001  -2.1714E+000   1.0969E-001  -7.9294E-003  -2.3124E-002   2.4942E-002  -4.1285E-003  -1.3373E-001   7.2086E-002   8.2905E-003  -5.9780E-002  -2.0481E-002  -3.9541E-003  -3.1025E-003  -2.1780E-003   1.3359E-002  -1.5943E-002   2.9606E-002   1.5700E-003  -1.4392E-003  -1.1388E-002   2.3953E-002   1.1173E-001  
 2.1305E+000   2.8806E-001  -2.0202E+000   3.1975E-002   1.0177E-001   3.4964E-001   8.0156E-002  -1.1404E-002  -2.2852E-001   1.0337E-001  -5.2426E-002  -4.3859E-002  -1.2771E-002  -1.0351E-002  -6.6333E-003   1.5239E-003  -1.0352E-002  -2.4156E-002   5.3391E-002   2.9101E-003  -3.3566E-003  -1.2454E-002   2.5893E-002   1.2850E-001  
 2.0904E+000  -1.1826E-016   2.0612E+000   4.0232E-002   3.3334E-017   3.2753E-001  -7.5924E-002   7.8652E-017   2.4234E-001   9.1121E-017  -4.7427E-002  -4.7681E-002   5.1229E-016  -1.1671E-002  -6.0305E-017  -4.1610E-016   8.4032E-003  -2.7596E-016  -5.6569E-002  -1.7963E-016   4.3018E-003  -1.2406E-002   2.5706E-002   1.2789E-001  
 1.4918E+000  -8.9475E-017   2.2035E+000   1.1277E-001   8.6419E-016  -4.6062E-002  -2.1813E-002  -5.0085E-016   1.4526E-001   1.6287E-015   1.2483E-002  -6.3611E-002   1.0378E-015  -4.5370E-003  -2.1476E-015  -3.6233E-016  -1.4934E-002   1.5965E-015  -3.1958E-002  -2.6589E-015   1.8922E-003  -1.1374E-002   2.3762E-002   1.0933E-001  
 8.6191E-001   2.8948E-016   2.1196E+000   1.1756E-001  -1.1054E-015  -2.0429E-001   9.6582E-003   7.3348E-016   7.9917E-002  -1.3299E-015   5.3639E-002  -5.8951E-002  -9.9494E-016  -1.3573E-003   2.0975E-015   4.4999E-016  -2.4419E-002  -1.7939E-015  -1.6771E-002   2.8439E-015   4.4061E-004  -1.3814E-002   1.9713E-002   1.2208E-001  
 2.4897E-001   3.2936E-016   1.8652E+000   8.2048E-002  -6.5784E-017  -2.2258E-001   2.4158E-002   2.2207E-016   3.8630E-002   5.5012E-016   8.1505E-002  -4.4389E-002   3.1450E-016  -4.3192E-004  -2.9509E-017  -7.5738E-017  -2.5449E-002  -2.8983E-017  -8.1899E-003  -5.4789E-017   1.1653E-004  -1.8086E-002   1.3821E-002   1.0000E-001  
-2.8825E-001  -2.9736E-017   1.4913E+000   3.0009E-002   1.5931E-017  -1.6606E-001   2.6366E-002  -2.7527E-016   1.5590E-002   3.9285E-017   1.0013E-001  -2.7888E-002   2.6565E-018  -1.2365E-004  -1.8578E-016  -5.0852E-017  -2.2533E-002   5.4808E-017  -3.3828E-003   4.1996E-016   3.2234E-005  -2.1517E-002   8.7813E-003   6.7793E-002  
-7.0820E-001  -4.8150E-017   1.0362E+000  -2.0860E-002  -1.9007E-016  -8.7080E-002   2.1004E-002   2.7991E-017   4.4759E-003   1.2677E-016   1.1202E-001  -1.3343E-002   2.7913E-016  -2.8340E-005   1.4466E-016   1.0364E-016  -1.6669E-002  -1.0531E-016  -9.9645E-004   6.7812E-017   9.7834E-006  -2.4025E-002   5.1416E-003   4.1269E-002  
-9.7666E-001   8.8479E-017   5.2837E-001  -5.7225E-002  -3.9476E-017  -2.3628E-002   1.1385E-002  -5.0669E-017   5.4069E-004   9.0768E-017   1.1866E-001  -3.4543E-003  -1.6993E-016  -9.6031E-006   3.0612E-017   8.3226E-017  -8.7900E-003   1.0368E-016  -1.2519E-004  -3.9887E-017   3.5678E-006  -2.5588E-002   3.1527E-003   2.1550E-002  
-1.0680E+000  -1.8907E-015  -1.6470E-015  -7.0202E-002   1.1281E-016   3.0365E-011   6.7973E-015   2.7929E-016  -4.6912E-015  -2.0378E-019   1.2077E-001   5.6643E-013   1.4897E-015  -6.9031E-006  -7.2461E-017   4.0679E-016   9.0945E-015  -9.2654E-017  -6.1647E-015  -4.6142E-017   5.9426E-015  -2.6109E-002   2.6505E-003   9.3954E-003  
-9.7666E-001  -3.2183E-016  -5.2837E-001  -5.7225E-002   5.9285E-016  -2.3628E-002  -1.1385E-002  -4.7268E-016  -5.4069E-004   1.1290E-015   1.1866E-001  -3.4543E-003   7.0237E-016  -9.6031E-006  -1.5794E-015  -4.7314E-016   8.7900E-003   1.4044E-015   1.2519E-004  -2.2588E-015  -3.5678E-006  -2.5588E-002   3.1527E-003   2.1550E-002  
-7.0820E-001   7.6228E-016  -1.0362E+000  -2.0860E-002  -1.8338E-015  -8.7080E-002  -2.1004E-002   9.7003E-016  -4.4759E-003  -2.5784E-015   1.1202E-001  -1.3343E-002  -1.9149E-015  -2.8340E-005   3.7972E-015   1.2916E-015   1.6669E-002  -3.5680E-015   9.9645E-004   4.9752E-015  -9.7834E-006  -2.4025E-002   5.1416E-003   4.1269E-002  
-2.8825E-001   2.4559E-016  -1.4913E+000   3.0009E-002  -3.6077E-016  -1.6606E-001  -2.6366E-002   1.8625E-016  -1.5590E-002  -6.5752E-016   1.0013E-001  -2.7888E-002  -2.1086E-016  -1.2365E-004   9.5568E-016   1.7087E-016   2.2533E-002  -7.9624E-016   3.3828E-003   1.4332E-015  -3.2234E-005  -2.1517E-002   8.7813E-003   6.7793E-002  
 2.4897E-001  -2.8828E-016  -1.8652E+000   8.2048E-002  -2.3087E-016  -2.2258E-001  -2.4158E-002   2.4871E-016  -3.8630E-002  -4.6622E-016   8.1505E-002  -4.4389E-002   1.9953E-016  -4.3192E-004   5.6420E-016  -4.7137E-017   2.5449E-002  -5.6764E-016   8.1899E-003   1.0835E-015  -1.1653E-004  -1.8086E-002   1.3821E-002   1.0000E-001  
 8.6191E-001   5.0529E-016  -2.1196E+000   1.1756E-001  -8.4891E-016  -2.0429E-001  -9.6582E-003   5.7530E-016  -7.9917E-002  -1.6710E-015   5.3639E-002  -5.8951E-002  -1.5130E-015  -1.3573E-003   2.3884E-015   8.6686E-016   2.4419E-002  -1.9191E-015   1.6771E-002   3.2043E-015  -4.4061E-004  -1.3814E-002   1.9713E-002   1.2208E-001  
 1.4918E+000  -5.2742E-016  -2.2035E+000   1.1277E-001   1.2596E-015  -4.6062E-002   2.1813E-002  -8.4744E-016  -1.4526E-001   1.9670E-015   1.2483E-002  -6.3611E-002   1.7623E-015  -4.5370E-003  -2.5275E-015  -8.8126E-016   1.4934E-002   2.5770E-015   3.1958E-002  -3.6885E-015  -1.8922E-003  -1.1374E-002   2.3762E-002   1.0933E-001  
 2.0904E+000  -2.6892E-016  -2.0612E+000   4.0232E-002   3.3941E-016   3.2753E-001   7.5924E-002  -2.6964E-016  -2.4234E-001   1.0073E-015  -4.7427E-002  -4.7681E-002   1.5110E-016  -1.1671E-002  -4.5240E-016  -3.2160E-016  -8.4032E-003   6.6540E-016   5.6569E-002  -7.9356E-016  -4.3018E-003  -1.2406E-002   2.5706E-002   1.2789E-001  
 2.1305E+000  -2.8806E-001   2.0202E+000   3.1975E-002   1.0177E-001   3.4964E-001  -8.0156E-002   1.1404E-002   2.2852E-001  -1.0337E-001  -5.2426E-002  -4.3859E-002  -1.2771E-002  -1.0351E-002  -6.6333E-003  -1.5239E-003   1.0352E-002   2.4156E-002  -5.3391E-002  -2.9101E-003   3.3566E-003  -1.2454E-002   2.5893E-002   1.2850E-001  
 1.5431E+000  -3.6114E-001   2.1714E+000   1.0969E-001  -7.9294E-003  -2.3124E-002  -2.4942E-002   4.1285E-003   1.3373E-001  -7.2086E-002   8.2905E-003  -5.9780E-002  -2.0481E-002  -3.9541E-003  -3.1025E-003   2.1780E-003  -1.3359E-002   1.5943E-002  -2.9606E-002  -1.5700E-003   1.4392E-003  -1.1388E-002   2.3953E-002   1.1173E-001  
 9.2405E-001  -4.1797E-001   2.0950E+000   1.1928E-001  -7.5235E-002  -1.8100E-001   7.2838E-003  -1.4640E-003   7.0728E-002  -4.7434E-002   5.0246E-002  -5.5373E-002  -2.3038E-002  -1.1175E-003  -1.1571E-003   4.6452E-003  -2.3445E-002   9.9878E-003  -1.4904E-002  -5.2486E-004   3.3624E-004  -1.3439E-002   2.0203E-002   1.2039E-001  
 3.2095E-001  -4.6105E-001   1.8471E+000   8.7700E-002  -1.0604E-001  -1.9912E-001   2.2468E-002  -5.6146E-003   3.1612E-002  -2.8527E-002   7.8662E-002  -4.0936E-002  -2.1823E-002  -2.7945E-004  -4.1311E-004   6.1735E-003  -2.4801E-002   6.0097E-003  -6.6849E-003  -1.1995E-004   6.1880E-005  -1.7595E-002   1.4529E-002   1.0083E-001  
-2.0811E-001  -4.9188E-001   1.4786E+000   3.8774E-002  -1.0662E-001  -1.4249E-001   2.5264E-002  -8.4095E-003   1.0481E-002  -1.5096E-002   9.7621E-002  -2.4432E-002  -1.8303E-002  -5.0188E-005  -1.4039E-004   7.3228E-003  -2.2032E-002   3.2467E-003  -2.2654E-003  -3.5986E-005   9.0900E-006  -2.1027E-002   9.5194E-003   7.0112E-002  
-6.2195E-001  -5.1257E-001   1.0282E+000  -9.7805E-003  -8.4210E-002  -6.3461E-002   2.0361E-002  -1.0151E-002   1.1423E-003  -6.1936E-003   1.0974E-001  -9.8898E-003  -1.3136E-002   7.1474E-007  -3.1545E-005   8.1459E-003  -1.6344E-002   1.3603E-003  -2.5815E-004  -7.8189E-006   3.3969E-006  -2.3517E-002   5.8629E-003   4.4604E-002  
-8.8659E-001  -5.2451E-001   5.2451E-001  -4.4720E-002  -4.5943E-002   4.7580E-012   1.1094E-002  -1.1094E-002  -1.0982E-003  -1.0982E-003   1.1651E-001   1.2149E-011  -6.8245E-003  -3.0542E-006   1.2613E-011   8.6315E-003  -8.6315E-003   2.4232E-004   2.4232E-004  -3.2991E-006   3.2991E-006  -2.5066E-002   3.7637E-003   2.7149E-002  
-9.7666E-001  -5.2837E-001  -1.1810E-016  -5.7225E-002   8.6089E-016   2.3628E-002  -3.9648E-015  -1.1385E-002   4.6498E-015   5.4069E-004   1.1866E-001   3.4543E-003   7.6767E-016  -9.6030E-006  -1.8684E-015   8.7900E-003  -5.6441E-015  -1.2519E-004   2.6165E-015  -3.5678E-006  -3.4352E-015  -2.5588E-002   3.1527E-003   2.1550E-002  
-8.8659E-001  -5.2451E-001  -5.2451E-001  -4.4720E-002   4.5943E-002   4.7589E-012  -1.1094E-002  -1.1094E-002   1.0982E-003  -1.0982E-003   1.1651E-001   1.2150E-011   6.8245E-003  -3.0542E-006  -1.2610E-011   8.6315E-003   8.6315E-003   2.4232E-004  -2.4232E-004  -3.2991E-006  -3.2991E-006  -2.5066E-002   3.7637E-003   2.7149E-002  
-6.2195E-001  -5.1257E-001  -1.0282E+000  -9.7805E-003   8.4210E-002  -6.3461E-002  -2.0361E-002  -1.0151E-002  -1.1423E-003  -6.1936E-003   1.0974E-001  -9.8898E-003   1.3136E-002   7.1474E-007   3.1545E-005   8.1459E-003   1.6344E-002   1.3603E-003   2.5815E-004  -7.8189E-006  -3.3969E-006  -2.3517E-002   5.8629E-003   4.4604E-002  
-2.0811E-001  -4.9188E-001  -1.4786E+000   3.8774E-002   1.0662E-001  -1.4249E-001  -2.5264E-002  -8.4095E-003  -1.0481E-002  -1.5096E-002   9.7621E-002  -2.4432E-002   1.8303E-002  -5.0188E-005   1.4039E-004   7.3228E-003   2.2032E-002   3.2467E-003   2.2654E-003  -3.5986E-005  -9.0900E-006  -2.1027E-002   9.5194E-003   7.0112E-002  
 3.2095E-001  -4.6105E-001  -1.8471E+000   8.7700E-002   1.0604E-001  -1.9912E-001  -2.2468E-002  -5.6146E-003  -3.1612E-002  -2.8527E-002   7.8662E-002  -4.0936E-002   2.1823E-002  -2.7945E-004   4.1311E-004   6.1735E-003   2.4801E-002   6.0097E-003   6.6849E-003  -1.1995E-004  -6.1880E-005  -1.7595E-002   1.4529E-002   1.0083E-001  
 9.2405E-001  -4.1797E-001  -2.0950E+000   1.1928E-001   7.5235E-002  -1.8100E-001  -7.2838E-003  -1.4640E-003  -7.0728E-002  -4.7434E-002   5.0246E-002  -5.5373E-002   2.3038E-002  -1.1175E-003   1.1571E-003   4.6452E-003   2.3445E-002   9.9878E-003   1.4904E-002  -5.2486E-004  -3.3624E-004  -1.3439E-002   2.0203E-002   1.2039E-001  
 1.5431E+000  -3.6114E-001  -2.1714E+000   1.0969E-001   7.9294E-003  -2.3124E-002   2.4942E-002   4.1285E-003  -1.3373E-001  -7.2086E-002   8.2905E-003  -5.9780E-002   2.0481E-002  -3.9541E-003   3.1025E-003   2.1780E-003   1.3359E-002   1.5943E-002   2.9606E-002  -1.5700E-003  -1.4392E-003  -1.1388E-002   2.3953E-002   1.1173E-001  
 2.1305E+000  -2.8806E-001  -2.0202E+000   3.1975E-002  -1.0177E-001   3.4964E-001   8.0156E-002   1.1404E-002  -2.2852E-001  -1.0337E-001  -5.2426E-002  -4.3859E-002   1.2771E-002  -1.0351E-002   6.6333E-003  -1.5239E-003  -1.0352E-002   2.4156E-002   5.3391E-002  -2.9101E-003  -3.3566E-003  -1.2454E-002   2.5893E-002   1.2850E-001  
 2.2469E+000  -5.4186E-001   1.8945E+000   4.5253E-003   2.5469E-001   4.0883E-001  -9.3248E-002   2.6645E-002   1.8601E-001  -2.0569E-001  -6.7928E-002  -3.2908E-002  -2.0504E-002  -6.1580E-003  -1.2686E-002  -4.7482E-003   1.6434E-002   4.8124E-002  -4.3496E-002  -4.6250E-003   8.2612E-004  -1.2791E-002   2.6357E-002   1.3162E-001  
 1.6924E+000  -6.9160E-001   2.0731E+000   9.7780E-002   2.8914E-002   3.8562E-002  -3.4499E-002   1.1501E-002   9.8218E-002  -1.4207E-001  -4.8905E-003  -4.8770E-002  -3.6680E-002  -1.8187E-003  -6.3827E-003   2.7333E-003  -8.3216E-003   3.2106E-002  -2.2197E-002  -2.8776E-003  -1.3371E-004  -1.1533E-002   2.4431E-002   1.1791E-001  
 1.1056E+000  -8.0817E-001   2.0194E+000   1.2173E-001  -1.1283E-001  -1.1835E-001   1.0931E-005  -2.2012E-005   4.2303E-002  -9.2514E-002   3.9453E-002  -4.5037E-002  -4.2976E-002  -1.0214E-004  -2.4604E-003   8.0682E-003  -2.0236E-002   1.9892E-002  -9.0862E-003  -1.0238E-003  -3.3557E-004  -1.2664E-002   2.1422E-002   1.1695E-001  
 5.3181E-001  -8.9682E-001   1.7911E+000   1.0217E-001  -1.8185E-001  -1.3603E-001   1.7152E-002  -8.5918E-003   9.8168E-003  -5.4573E-002   6.9707E-002  -3.1063E-002  -4.1577E-002   1.9856E-004  -7.0556E-004   1.1441E-002  -2.2873E-002   1.1425E-002  -2.0731E-003  -1.2943E-004  -9.7143E-005  -1.6104E-002   1.6621E-002   1.1140E-001  
 2.6975E-002  -9.6055E-001   1.4394E+000   6.2527E-002  -1.9037E-001  -7.9106E-002   2.1775E-002  -1.4534E-002  -5.3876E-003  -2.7311E-002   8.9747E-002  -1.4540E-002  -3.5030E-002   1.7946E-004  -1.8993E-004   1.3701E-002  -2.0545E-002   5.8093E-003   1.1386E-003  -1.9058E-005  -4.6307E-005  -1.9568E-002   1.1729E-002   8.3203E-002  
-3.6865E-001  -1.0034E+000   1.0034E+000   2.0899E-002  -1.5308E-001  -1.9894E-013   1.8310E-002  -1.8310E-002  -9.2157E-003  -9.2157E-003   1.0256E-001   2.1597E-012  -2.5241E-002   7.9076E-005   3.8453E-012   1.5358E-002  -1.5358E-002   2.0003E-003   2.0003E-003   6.5393E-006  -6.5393E-006  -2.1997E-002   8.0775E-003   5.9726E-002  
-6.2195E-001  -1.0282E+000   5.1257E-001  -9.7805E-003  -8.4210E-002   6.3461E-002   1.0151E-002  -2.0361E-002  -6.1936E-003   1.1423E-003   1.0974E-001   9.8898E-003  -1.3136E-002   7.1473E-007   3.1545E-005   1.6344E-002  -8.1459E-003  -2.5815E-004   1.3603E-003  -3.3969E-006   7.8189E-006  -2.3517E-002   5.8629E-003   4.4604E-002  
-7.0820E-001  -1.0362E+000   2.5694E-015  -2.0860E-002  -5.6960E-015   8.7080E-002   8.2987E-015  -2.1004E-002  -8.0665E-015   4.4759E-003   1.1202E-001   1.3343E-002  -1.6840E-015  -2.8340E-005   4.1411E-015   1.6669E-002   1.1090E-014  -9.9645E-004  -9.1870E-015  -9.7834E-006   7.5987E-015  -2.4025E-002   5.1416E-003   4.1269E-002  
-6.2195E-001  -1.0282E+000  -5.1257E-001  -9.7805E-003   8.4210E-002   6.3461E-002  -1.0151E-002  -2.0361E-002   6.1936E-003   1.1423E-003   1.0974E-001   9.8898E-003   1.3136E-002   7.1473E-007  -3.1545E-005   1.6344E-002   8.1459E-003  -2.5815E-004  -1.3603E-003  -3.3969E-006  -7.8189E-006  -2.3517E-002   5.8629E-003   4.4604E-002  
-3.6865E-001  -1.0034E+000  -1.0034E+000   2.0899E-002   1.5308E-001  -1.9979E-013  -1.8310E-002  -1.8310E-002   9.2157E-003  -9.2157E-003   1.0256E-001   2.1621E-012   2.5241E-002   7.9076E-005  -3.8470E-012   1.5358E-002   1.5358E-002   2.0003E-003  -2.0003E-003   6.5393E-006   6.5393E-006  -2.1997E-002   8.0775E-003   5.9726E-002  
 2.6975E-002  -9.6055E-001  -1.4394E+000   6.2527E-002   1.9037E-001  -7.9106E-002  -2.1775E-002  -1.4534E-002   5.3876E-003  -2.7311E-002   8.9747E-002  -1.4540E-002   3.5030E-002   1.7946E-004   1.8993E-004   1.3701E-002   2.0545E-002   5.8093E-003  -1.1386E-003  -1.9058E-005   4.6307E-005  -1.9568E-002   1.1729E-002   8.3203E-002  
 5.3181E-001  -8.9682E-001  -1.7911E+000   1.0217E-001   1.8185E-001  -1.3603E-001  -1.7152E-002  -8.5918E-003  -9.8168E-003  -5.4573E-002   6.9707E-002  -3.1063E-002   4.1577E-002   1.9856E-004   7.0556E-004   1.1441E-002   2.2873E-002   1.1425E-002   2.0731E-003  -1.2943E-004   9.7143E-005  -1.6104E-002   1.6621E-002   1.1140E-001  
 1.1056E+000  -8.0817E-001  -2.0194E+000   1.2173E-001   1.1283E-001  -1.1835E-001  -1.0931E-005  -2.2012E-005  -4.2303E-002  -9.2514E-002   3.9453E-002  -4.5037E-002   4.2976E-002  -1.0214E-004   2.4604E-003   8.0682E-003   2.0236E-002   1.9892E-002   9.0862E-003  -1.0238E-003   3.3557E-004  -1.2664E-002   2.1422E-002   1.1695E-001  
 1.6924E+000  -6.9160E-001  -2.0731E+000   9.7780E-002  -2.8914E-002   3.8562E-002   3.4499E-002   1.1501E-002  -9.8218E-002  -1.4207E-001  -4.8905E-003  -4.8770E-002   3.6680E-002  -1.8187E-003   6.3827E-003   2.7333E-003   8.3216E-003   3.2106E-002   2.2197E-002  -2.8776E-003   1.3371E-004  -1.1533E-002   2.4431E-002   1.1791E-001  
 2.2469E+000  -5.4186E-001  -1.8945E+000   4.5253E-003  -2.5469E-001   4.0883E-001   9.3248E-002   2.6645E-002  -1.8601E-001  -2.0569E-001  -6.7928E-002  -3.2908E-002   2.0504E-002  -6.1580E-003   1.2686E-002  -4.7482E-003  -1.6434E-002   4.8124E-002   4.3496E-002  -4.6250E-003  -8.2612E-004  -1.2791E-002   2.6357E-002   1.3162E-001  
 2.4203E+000  -7.2333E-001   1.6876E+000  -5.4173E-002   5.1091E-001   4.8655E-001  -1.0962E-001   4.6990E-002   1.1105E-001  -2.9865E-001  -9.7375E-002  -1.3560E-002  -1.4248E-002   1.0442E-003  -2.0914E-002  -1.2604E-002   2.9245E-002   7.3821E-002  -2.7499E-002  -6.2641E-003  -3.0283E-003  -1.3504E-002   2.7311E-002   1.5108E-001  
 1.9222E+000  -9.5252E-001   1.9053E+000   6.9724E-002   1.5368E-001   1.1531E-001  -5.1115E-002   2.5545E-002   3.7617E-002  -2.0655E-001  -2.8003E-002  -3.2877E-002  -4.3873E-002   2.7064E-003  -9.1079E-003  -1.6675E-004   2.1119E-004   4.7821E-002  -8.6994E-003  -2.8085E-003  -2.6502E-003  -1.1972E-002   2.5179E-002   1.2330E-001  
 1.3867E+000  -1.1334E+000   1.8899E+000   1.1740E-001  -7.5415E-002  -4.0236E-002  -1.2833E-002   7.6788E-003  -6.5938E-003  -1.3201E-001   2.0449E-002  -3.0046E-002  -5.6349E-002   2.1822E-003  -3.2418E-003   8.7988E-003  -1.4727E-002   2.8861E-002   1.4239E-003  -7.2318E-004  -1.5029E-003  -1.1639E-002   2.3197E-002   1.1010E-001  
 8.5947E-001  -1.2717E+000   1.6949E+000   1.1750E-001  -1.9647E-001  -5.7200E-002   7.7884E-003  -5.8490E-003  -2.8129E-002  -7.4641E-002   5.3767E-002  -1.6479E-002  -5.6635E-002   1.1562E-003  -7.1478E-004   1.4655E-002  -1.9557E-002   1.5599E-002   5.8728E-003   3.8891E-005  -4.3059E-004  -1.3798E-002   1.9752E-002   1.2073E-001  
 3.9339E-001  -1.3719E+000   1.3719E+000   9.3032E-002  -2.2740E-001   3.1701E-012   1.5528E-002  -1.5528E-002  -3.3084E-002  -3.3084E-002   7.5679E-002  -9.9316E-013  -4.8388E-002   5.5789E-004   5.0403E-012   1.8108E-002  -1.8108E-002   6.9512E-003   6.9512E-003   8.8704E-005  -8.8704E-005  -1.7092E-002   1.5269E-002   1.0343E-001  
 2.6975E-002  -1.4394E+000   9.6055E-001   6.2527E-002  -1.9037E-001   7.9106E-002   1.4534E-002  -2.1775E-002  -2.7311E-002  -5.3876E-003   8.9747E-002   1.4540E-002  -3.5030E-002   1.7946E-004   1.8993E-004   2.0545E-002  -1.3701E-002   1.1386E-003   5.8093E-003   4.6307E-005   1.9058E-005  -1.9568E-002   1.1729E-002   8.3203E-002  
-2.0811E-001  -1.4786E+000   4.9188E-001   3.8774E-002  -1.0662E-001   1.4249E-001   8.4095E-003  -2.5264E-002  -1.5096E-002   1.0481E-002   9.7621E-002   2.4432E-002  -1.8303E-002  -5.0188E-005   1.4039E-004   2.2032E-002  -7.3228E-003  -2.2654E-003   3.2467E-003  -9.0900E-006   3.5986E-005  -2.1027E-002   9.5194E-003   7.0112E-002  
-2.8825E-001  -1.4913E+000   2.1993E-015   3.0009E-002   4.9843E-016   1.6606E-001   2.1413E-015  -2.6366E-002  -2.3535E-015   1.5590E-002   1.0013E-001   2.7888E-002  -1.3272E-016  -1.2365E-004   1.9415E-015   2.2533E-002   3.3156E-015  -3.3828E-003  -1.8277E-015  -3.2234E-005   7.7569E-016  -2.1517E-002   8.7813E-003   6.7793E-002  
-2.0811E-001  -1.4786E+000  -4.9188E-001   3.8774E-002   1.0662E-001   1.4249E-001  -8.4095E-003  -2.5264E-002   1.5096E-002   1.0481E-002   9.7621E-002   2.4432E-002   1.8303E-002  -5.0188E-005  -1.4039E-004   2.2032E-002   7.3228E-003  -2.2654E-003  -3.2467E-003  -9.0900E-006  -3.5986E-005  -2.1027E-002   9.5194E-003   7.0112E-002  
 2.6975E-002  -1.4394E+000  -9.6055E-001   6.2527E-002   1.9037E-001   7.9106E-002  -1.4534E-002  -2.1775E-002   2.7311E-002  -5.3876E-003   8.9747E-002   1.4540E-002   3.5030E-002   1.7946E-004  -1.8993E-004   2.0545E-002   1.3701E-002   1.1386E-003  -5.8093E-003   4.6307E-005  -1.9058E-005  -1.9568E-002   1.1729E-002   8.3203E-002  
 3.9339E-001  -1.3719E+000  -1.3719E+000   9.3032E-002   2.2740E-001   3.1752E-012  -1.5528E-002  -1.5528E-002   3.3084E-002  -3.3084E-002   7.5679E-002  -9.9388E-013   4.8388E-002   5.5789E-004  -5.0397E-012   1.8108E-002   1.8108E-002   6.9512E-003  -6.9512E-003   8.8704E-005   8.8704E-005  -1.7092E-002   1.5269E-002   1.0343E-001  
 8.5947E-001  -1.2717E+000  -1.6949E+000   1.1750E-001   1.9647E-001  -5.7200E-002  -7.7884E-003  -5.8490E-003   2.8129E-002  -7.4641E-002   5.3767E-002  -1.6479E-002   5.6635E-002   1.1562E-003   7.1478E-004   1.4655E-002   1.9557E-002   1.5599E-002  -5.8728E-003   3.8891E-005   4.3059E-004  -1.3798E-002   1.9752E-002   1.2073E-001  
 1.3867E+000  -1.1334E+000  -1.8899E+000   1.1740E-001   7.5415E-002  -4.0236E-002   1.2833E-002   7.6788E-003   6.5938E-003  -1.3201E-001   2.0449E-002  -3.0046E-002   5.6349E-002   2.1822E-003   3.2418E-003   8.7988E-003   1.4727E-002   2.8861E-002  -1.4239E-003  -7.2318E-004   1.5029E-003  -1.1639E-002   2.3197E-002   1.1010E-001  
 1.9222E+000  -9.5252E-001  -1.9053E+000   6.9724E-002  -1.5368E-001   1.1531E-001   5.1115E-002   2.5545E-002  -3.7617E-002  -2.0655E-001  -2.8003E-002  -3.2877E-002   4.3873E-002   2.7064E-003   9.1079E-003  -1.6675E-004  -2.1119E-004   4.7821E-002   8.6994E-003  -2.8085E-003   2.6502E-003  -1.1972E-002   2.5179E-002   1.2330E-001  
 2.4203E+000  -7.2333E-001  -1.6876E+000  -5.4173E-002  -5.1091E-001   4.8655E-001   1.0962E-001   4.6990E-002  -1.1105E-001  -2.9865E-001  -9.7375E-002  -1.3560E-002   1.4248E-002   1.0442E-003   2.0914E-002  -1.2604E-002  -2.9245E-002   7.3821E-002   2.7499E-002  -6.2641E-003   3.0283E-003  -1.3504E-002   2.7311E-002   1.5108E-001  
 2.5424E+000  -8.5636E-001   1.5000E+000  -2.3094E-001   9.9896E-001   5.8984E-001  -6.5386E-002   3.7598E-002   4.0098E-003  -3.3062E-001  -1.7253E-001   2.8637E-002   4.8058E-002   2.1954E-002  -4.0364E-002  -4.3519E-002   7.6212E-002   1.0500E-001  -1.6029E-003  -4.9325E-003  -7.8305E-003  -1.7325E-002   2.1930E-002   1.2937E-001  
 2.2088E+000  -1.1063E+000   1.6604E+000   1.3987E-002   4.0725E-001   1.6995E-001  -7.6155E-002   5.0721E-002  -5.1289E-002  -2.6340E-001  -6.2813E-002  -1.5886E-002  -3.8027E-002   9.4900E-003  -9.5772E-003  -8.3161E-003   1.2366E-002   6.1533E-002   1.1991E-002  -9.5753E-004  -4.4985E-003  -1.2786E-002   2.6196E-002   1.3056E-001  
 1.7397E+000  -1.3594E+000   1.7008E+000   9.2950E-002   7.2657E-002   1.6390E-002  -3.1451E-002   2.5104E-002  -7.8504E-002  -1.6175E-001  -9.4104E-003  -1.3262E-002  -5.8533E-002   6.5319E-003  -3.0990E-003   4.3408E-003  -5.4955E-003   3.6786E-002   1.7903E-002   7.1066E-004  -3.0266E-003  -1.1674E-002   2.4568E-002   1.2134E-001  
 1.2740E+000  -1.5536E+000   1.5536E+000   1.2039E-001  -1.2120E-001   4.5791E-012  -5.9202E-003   5.9202E-003  -8.4304E-002  -8.4304E-002   2.8371E-002  -2.6382E-012  -6.3535E-002   3.2475E-003  -5.1454E-013   1.3546E-002  -1.3546E-002   1.8312E-002   1.8312E-002   9.7318E-004  -9.7318E-004  -1.2085E-002   2.2484E-002   1.1296E-001  
 8.5947E-001  -1.6949E+000   1.2717E+000   1.1750E-001  -1.9647E-001   5.7200E-002   5.8490E-003  -7.7884E-003  -7.4641E-002  -2.8129E-002   5.3767E-002   1.6479E-002  -5.6635E-002   1.1562E-003   7.1478E-004   1.9557E-002  -1.4655E-002   5.8728E-003   1.5599E-002   4.3059E-004  -3.8891E-005  -1.3798E-002   1.9752E-002   1.2073E-001  
 5.3181E-001  -1.7911E+000   8.9682E-001   1.0217E-001  -1.8185E-001   1.3603E-001   8.5918E-003  -1.7152E-002  -5.4573E-002   9.8168E-003   6.9707E-002   3.1063E-002  -4.1577E-002   1.9856E-004   7.0556E-004   2.2873E-002  -1.1441E-002  -2.0731E-003   1.1425E-002   9.7143E-005   1.2943E-004  -1.6104E-002   1.6621E-002   1.1140E-001  
 3.2095E-001  -1.8471E+000   4.6105E-001   8.7700E-002  -1.0604E-001   1.9912E-001   5.6146E-003  -2.2468E-002  -2.8527E-002   3.1612E-002   7.8662E-002   4.0936E-002  -2.1823E-002  -2.7945E-004   4.1311E-004   2.4801E-002  -6.1735E-003  -6.6849E-003   6.0097E-003  -6.1880E-005   1.1995E-004  -1.7595E-002   1.4529E-002   1.0083E-001  
 2.4897E-001  -1.8652E+000   6.2476E-016   8.2048E-002  -2.0474E-015   2.2258E-001   1.5880E-015  -2.4158E-002  -3.9752E-015   3.8630E-002   8.1505E-002   4.4389E-002   3.8124E-015  -4.3192E-004   6.9809E-016   2.5449E-002   1.3442E-015  -8.1899E-003   1.2165E-015  -1.1653E-004   2.3404E-015  -1.8086E-002   1.3821E-002   1.0000E-001  
 3.2095E-001  -1.8471E+000  -4.6105E-001   8.7700E-002   1.0604E-001   1.9912E-001  -5.6146E-003  -2.2468E-002   2.8527E-002   3.1612E-002   7.8662E-002   4.0936E-002   2.1823E-002  -2.7945E-004  -4.1311E-004   2.4801E-002   6.1735E-003  -6.6849E-003  -6.0097E-003  -6.1880E-005  -1.1995E-004  -1.7595E-002   1.4529E-002   1.0083E-001  
 5.3181E-001  -1.7911E+000  -8.9682E-001   1.0217E-001   1.8185E-001   1.3603E-001  -8.5918E-003  -1.7152E-002   5.4573E-002   9.8168E-003   6.9707E-002   3.1063E-002   4.1577E-002   1.9856E-004  -7.0556E-004   2.2873E-002   1.1441E-002  -2.0731E-003  -1.1425E-002   9.7143E-005  -1.2943E-004  -1.6104E-002   1.6621E-002   1.1140E-001  
 8.5947E-001  -1.6949E+000  -1.2717E+000   1.1750E-001   1.9647E-001   5.7200E-002  -5.8490E-003  -7.7884E-003   7.4641E-002  -2.8129E-002   5.3767E-002   1.6479E-002   5.6635E-002   1.1562E-003  -7.1478E-004   1.9557E-002   1.4655E-002   5.8728E-003  -1.5599E-002   4.3059E-004   3.8891E-005  -1.3798E-002   1.9752E-002   1.2073E-001  
 1.2740E+000  -1.5536E+000  -1.5536E+000   1.2039E-001   1.2120E-001   4.5751E-012   5.9202E-003   5.9202E-003   8.4304E-002  -8.4304E-002   2.8371E-002  -2.6341E-012   6.3535E-002   3.2475E-003   5.1686E-013   1.3546E-002   1.3546E-002   1.8312E-002  -1.8312E-002   9.7318E-004   9.7318E-004  -1.2085E-002   2.2484E-002   1.1296E-001  
 1.7397E+000  -1.3594E+000  -1.7008E+000   9.2950E-002  -7.2657E-002   1.6390E-002   3.1451E-002   2.5104E-002   7.8504E-002  -1.6175E-001  -9.4104E-003  -1.3262E-002   5.8533E-002   6.5319E-003   3.0990E-003   4.3408E-003   5.4955E-003   3.6786E-002  -1.7903E-002   7.1066E-004   3.0266E-003  -1.1674E-002   2.4568E-002   1.2134E-001  
 2.2088E+000  -1.1063E+000  -1.6604E+000   1.3987E-002  -4.0725E-001   1.6995E-001   7.6155E-002   5.0721E-002   5.1289E-002  -2.6340E-001  -6.2813E-002  -1.5886E-002   3.8027E-002   9.4900E-003   9.5772E-003  -8.3161E-003  -1.2366E-002   6.1533E-002  -1.1991E-002  -9.5753E-004   4.4985E-003  -1.2786E-002   2.6196E-002   1.3056E-001  
 2.5424E+000  -8.5636E-001  -1.5000E+000  -2.3094E-001  -9.9896E-001   5.8984E-001   6.5386E-002   3.7598E-002  -4.0098E-003  -3.3062E-001  -1.7253E-001   2.8637E-002  -4.8058E-002   2.1954E-002   4.0364E-002  -4.3519E-002  -7.6212E-002   1.0500E-001   1.6029E-003  -4.9325E-003   7.8305E-003  -1.7325E-002   2.1930E-002   1.2937E-001  
 1.7397E+000  -1.7008E+000   1.3594E+000   9.2950E-002   7.2657E-002  -1.6390E-002  -2.5104E-002   3.1451E-002  -1.6175E-001  -7.8504E-002  -9.4104E-003   1.3262E-002  -5.8533E-002   6.5319E-003   3.0990E-003   5.4955E-003  -4.3408E-003   1.7903E-002   3.6786E-002   3.0266E-003  -7.1067E-004  -1.1674E-002   2.4568E-002   1.2134E-001  
 1.3867E+000  -1.8899E+000   1.1334E+000   1.1740E-001  -7.5415E-002   4.0236E-002  -7.6788E-003   1.2833E-002  -1.3201E-001  -6.5938E-003   2.0449E-002   3.0046E-002  -5.6349E-002   2.1822E-003   3.2418E-003   1.4727E-002  -8.7988E-003   1.4239E-003   2.8861E-002   1.5029E-003   7.2318E-004  -1.1639E-002   2.3197E-002   1.1010E-001  
 1.1056E+000  -2.0194E+000   8.0817E-001   1.2173E-001  -1.1283E-001   1.1835E-001   2.2012E-005  -1.0931E-005  -9.2514E-002   4.2303E-002   3.9453E-002   4.5037E-002  -4.2976E-002  -1.0214E-004   2.4604E-003   2.0236E-002  -8.0682E-003  -9.0862E-003   1.9892E-002   3.3557E-004   1.0238E-003  -1.2664E-002   2.1422E-002   1.1695E-001  
 9.2405E-001  -2.0950E+000   4.1797E-001   1.1928E-001  -7.5235E-002   1.8100E-001   1.4640E-003  -7.2838E-003  -4.7434E-002   7.0728E-002   5.0246E-002   5.5373E-002  -2.3038E-002  -1.1175E-003   1.1571E-003   2.3445E-002  -4.6452E-003  -1.4904E-002   9.9878E-003  -3.3624E-004   5.2486E-004  -1.3439E-002   2.0203E-002   1.2039E-001  
 8.6191E-001  -2.1196E+000   4.9326E-015   1.1756E-001  -1.4652E-015   2.0429E-001   8.1463E-015  -9.6582E-003  -4.6593E-015   7.9917E-002   5.3639E-002   5.8951E-002   4.4372E-016  -1.3573E-003   1.6553E-015   2.4419E-002   4.2695E-015  -1.6771E-002  -5.7782E-015  -4.4061E-004   2.2496E-015  -1.3814E-002   1.9713E-002   1.2208E-001  
 9.2405E-001  -2.0950E+000  -4.1797E-001   1.1928E-001   7.5235E-002   1.8100E-001  -1.4640E-003  -7.2838E-003   4.7434E-002   7.0728E-002   5.0246E-002   5.5373E-002   2.3038E-002  -1.1175E-003  -1.1571E-003   2.3445E-002   4.6452E-003  -1.4904E-002  -9.9878E-003  -3.3624E-004  -5.2486E-004  -1.3439E-002   2.0203E-002   1.2039E-001  
 1.1056E+000  -2.0194E+000  -8.0817E-001   1.2173E-001   1.1283E-001   1.1835E-001  -2.2012E-005  -1.0931E-005   9.2514E-002   4.2303E-002   3.9453E-002   4.5037E-002   4.2976E-002  -1.0214E-004  -2.4604E-003   2.0236E-002   8.0682E-003  -9.0862E-003  -1.9892E-002   3.3557E-004  -1.0238E-003  -1.2664E-002   2.1422E-002   1.1695E-001  
 1.3867E+000  -1.8899E+000  -1.1334E+000   1.1740E-001   7.5415E-002   4.0236E-002   7.6788E-003   1.2833E-002   1.3201E-001  -6.5938E-003   2.0449E-002   3.0046E-002   5.6349E-002   2.1822E-003  -3.2418E-003   1.4727E-002   8.7988E-003   1.4239E-003  -2.8861E-002   1.5029E-003  -7.2318E-004  -1.1639E-002   2.3197E-002   1.1010E-001  
 1.7397E+000  -1.7008E+000  -1.3594E+000   9.2950E-002  -7.2657E-002  -1.6390E-002   2.5104E-002   3.1451E-002   1.6175E-001  -7.8504E-002  -9.4104E-003   1.3262E-002   5.8533E-002   6.5319E-003  -3.0990E-003   5.4955E-003   4.3408E-003   1.7903E-002  -3.6786E-002   3.0266E-003   7.1067E-004  -1.1674E-002   2.4568E-002   1.2134E-001  
 2.2088E+000  -1.6604E+000   1.1063E+000   1.3987E-002   4.0725E-001  -1.6995E-001  -5.0721E-002   7.6155E-002  -2.6340E-001  -5.1289E-002  -6.2813E-002   1.5886E-002  -3.8027E-002   9.4900E-003   9.5772E-003  -1.2366E-002   8.3161E-003   1.1991E-002   6.1533E-002   4.4985E-003   9.5753E-004  -1.2786E-002   2.6196E-002   1.3056E-001  
 1.9222E+000  -1.9053E+000   9.5252E-001   6.9724E-002   1.5368E-001  -1.1531E-001  -2.5545E-002   5.1115E-002  -2.0655E-001   3.7617E-002  -2.8003E-002   3.2877E-002  -4.3873E-002   2.7064E-003   9.1079E-003  -2.1119E-004   1.6675E-004  -8.6994E-003   4.7821E-002   2.6502E-003   2.8085E-003  -1.1972E-002   2.5179E-002   1.2330E-001  
 1.6924E+000  -2.0731E+000   6.9160E-001   9.7780E-002   2.8914E-002  -3.8562E-002  -1.1501E-002   3.4499E-002  -1.4207E-001   9.8218E-002  -4.8905E-003   4.8770E-002  -3.6680E-002  -1.8187E-003   6.3827E-003   8.3216E-003  -2.7333E-003  -2.2197E-002   3.2106E-002   1.3371E-004   2.8776E-003  -1.1533E-002   2.4431E-002   1.1791E-001  
 1.5431E+000  -2.1714E+000   3.6114E-001   1.0969E-001  -7.9294E-003   2.3124E-002  -4.1285E-003   2.4942E-002  -7.2086E-002   1.3373E-001   8.2905E-003   5.9780E-002  -2.0481E-002  -3.9541E-003   3.1025E-003   1.3359E-002  -2.1780E-003  -2.9606E-002   1.5943E-002  -1.4392E-003   1.5700E-003  -1.1388E-002   2.3953E-002   1.1173E-001  
 1.4918E+000  -2.2035E+000  -1.1719E-014   1.1277E-001  -1.3225E-015   4.6062E-002  -8.6034E-015   2.1813E-002   5.6162E-015   1.4526E-001   1.2483E-002   6.3611E-002  -1.3327E-015  -4.5370E-003  -5.0284E-015   1.4934E-002  -6.4267E-015  -3.1958E-002   8.6822E-015  -1.8922E-003  -3.0323E-015  -1.1374E-002   2.3762E-002   1.0933E-001  
 1.5431E+000  -2.1714E+000  -3.6114E-001   1.0969E-001   7.9294E-003   2.3124E-002   4.1285E-003   2.4942E-002   7.2086E-002   1.3373E-001   8.2905E-003   5.9780E-002   2.0481E-002  -3.9541E-003  -3.1025E-003   1.3359E-002   2.1780E-003  -2.9606E-002  -1.5943E-002  -1.4392E-003  -1.5700E-003  -1.1388E-002   2.3953E-002   1.1173E-001  
 1.6924E+000  -2.0731E+000  -6.9160E-001   9.7780E-002  -2.8914E-002  -3.8562E-002   1.1501E-002   3.4499E-002   1.4207E-001   9.8218E-002  -4.8905E-003   4.8770E-002   3.6680E-002  -1.8187E-003  -6.3827E-003   8.3216E-003   2.7333E-003  -2.2197E-002  -3.2106E-002   1.3371E-004  -2.8776E-003  -1.1533E-002   2.4431E-002   1.1791E-001  
 1.9222E+000  -1.9053E+000  -9.5252E-001   6.9724E-002  -1.5368E-001  -1.1531E-001   2.5545E-002   5.1115E-002   2.0655E-001   3.7617E-002  -2.8003E-002   3.2877E-002   4.3873E-002   2.7064E-003  -9.1079E-003  -2.1119E-004  -1.6675E-004  -8.6994E-003  -4.7821E-002   2.6502E-003  -2.8085E-003  -1.1972E-002   2.5179E-002   1.2330E-001  
 2.2088E+000  -1.6604E+000  -1.1063E+000   1.3987E-002  -4.0725E-001  -1.6995E-001   5.0721E-002   7.6155E-002   2.6340E-001  -5.1289E-002  -6.2813E-002   1.5886E-002   3.8027E-002   9.4900E-003  -9.5772E-003  -1.2366E-002  -8.3161E-003   1.1991E-002  -6.1533E-002   4.4985E-003  -9.5753E-004  -1.2786E-002   2.6196E-002   1.3056E-001  
 2.5424E+000  -1.5000E+000   8.5636E-001  -2.3094E-001   9.9896E-001  -5.8984E-001  -3.7598E-002   6.5386E-002  -3.3062E-001   4.0098E-003  -1.7253E-001  -2.8637E-002   4.8058E-002   2.1954E-002   4.0364E-002  -7.6212E-002   4.3519E-002  -1.6029E-003   1.0500E-001   7.8305E-003   4.9325E-003  -1.7325E-002   2.1930E-002   1.2937E-001  
 2.4203E+000  -1.6876E+000   7.2333E-001  -5.4173E-002   5.1091E-001  -4.8655E-001  -4.6990E-002   1.0962E-001  -2.9865E-001   1.1105E-001  -9.7375E-002   1.3560E-002  -1.4248E-002   1.0442E-003   2.0914E-002  -2.9245E-002   1.2604E-002  -2.7499E-002   7.3821E-002   3.0283E-003   6.2641E-003  -1.3504E-002   2.7311E-002   1.5108E-001  
 2.2469E+000  -1.8945E+000   5.4186E-001   4.5253E-003   2.5469E-001  -4.0883E-001  -2.6645E-002   9.3248E-002  -2.0569E-001   1.8601E-001  -6.7928E-002   3.2908E-002  -2.0504E-002  -6.1580E-003   1.2686E-002  -1.6434E-002   4.7482E-003  -4.3496E-002   4.8124E-002  -8.2612E-004   4.6250E-003  -1.2791E-002   2.6357E-002   1.3162E-001  
 2.1305E+000  -2.0202E+000   2.8806E-001   3.1975E-002   1.0177E-001  -3.4964E-001  -1.1404E-002   8.0156E-002  -1.0337E-001   2.2852E-001  -5.2426E-002   4.3859E-002  -1.2771E-002  -1.0351E-002   6.6333E-003  -1.0352E-002   1.5239E-003  -5.3391E-002   2.4156E-002  -3.3566E-003   2.9101E-003  -1.2454E-002   2.5893E-002   1.2850E-001  
 2.0904E+000  -2.0612E+000   6.5150E-015   4.0232E-002  -1.9795E-016  -3.2753E-001  -5.8032E-015   7.5924E-002  -7.0755E-015   2.4234E-001  -4.7427E-002   4.7681E-002  -2.4191E-015  -1.1671E-002  -2.8843E-015  -8.4032E-003  -2.0101E-015  -5.6569E-002   8.0534E-016  -4.3018E-003   5.1866E-015  -1.2406E-002   2.5706E-002   1.2789E-001  
 2.1305E+000  -2.0202E+000  -2.8806E-001   3.1975E-002  -1.0177E-001  -3.4964E-001   1.1404E-002   8.0156E-002   1.0337E-001   2.2852E-001  -5.2426E-002   4.3859E-002   1.2771E-002  -1.0351E-002  -6.6333E-003  -1.0352E-002  -1.5239E-003  -5.3391E-002  -2.4156E-002  -3.3566E-003  -2.9101E-003  -1.2454E-002   2.5893E-002   1.2850E-001  
 2.2469E+000  -1.8945E+000  -5.4186E-001   4.5253E-003  -2.5469E-001  -4.0883E-001   2.6645E-002   9.3248E-002   2.0569E-001   1.8601E-001  -6.7928E-002   3.2908E-002   2.0504E-002  -6.1580E-003  -1.2686E-002  -1.6434E-002  -4.7482E-003  -4.3496E-002  -4.8124E-002  -8.2612E-004  -4.6250E-003  -1.2791E-002   2.6357E-002   1.3162E-001  
 2.4203E+000  -1.6876E+000  -7.2333E-001  -5.4173E-002  -5.1091E-001  -4.8655E-001   4.6990E-002   1.0962E-001   2.9865E-001   1.1105E-001  -9.7375E-002   1.3560E-002   1.4248E-002   1.0442E-003  -2.0914E-002  -2.9245E-002  -1.2604E-002  -2.7499E-002  -7.3821E-002   3.0283E-003  -6.2641E-003  -1.3504E-002   2.7311E-002   1.5108E-001  
 2.5424E+000  -1.5000E+000  -8.5636E-001  -2.3094E-001  -9.9896E-001  -5.8984E-001   3.7598E-002   6.5386E-002   3.3062E-001   4.0098E-003  -1.7253E-001  -2.8637E-002  -4.8058E-002   2.1954E-002  -4.0364E-002  -7.6212E-002  -4.3519E-002  -1.6029E-003  -1.0500E-001   7.8305E-003  -4.9325E-003  -1.7325E-002   2.1930E-002   1.2937E-001  
