 2.0009E+000   1.0280E+000   5.8690E-001  -1.4992E-001  -6.1827E-001  -3.6511E-001  -2.4017E-002  -4.1756E-002  -2.5851E-001  -3.1929E-003  -1.4342E-001  -3.5797E-002  -6.0366E-002   1.7252E-002  -3.1648E-002   7.1392E-002   4.0781E-002   1.2233E-003   8.0998E-002  -6.0279E-003   3.7857E-003  -1.7642E-002   1.6389E-002   9.7043E-002  
 1.8911E+000   1.1810E+000   5.0620E-001  -1.7184E-002  -2.8029E-001  -2.6691E-001  -3.1379E-002  -7.3215E-002  -2.3385E-001  -8.6975E-002  -8.5972E-002  -6.4984E-003  -6.8331E-003   8.2493E-004  -1.6294E-002   3.6384E-002   1.5652E-002   2.1267E-002   5.7125E-002  -2.2500E-003   4.6391E-003  -1.5162E-002   2.0243E-002   1.1097E-001  
 1.7459E+000   1.3477E+000   3.8548E-001   2.5819E-002  -1.2114E-001  -1.9445E-001  -1.6807E-002  -5.8825E-002  -1.6121E-001  -1.4579E-001  -6.3092E-002   6.3652E-003   3.9688E-003  -4.7913E-003  -9.8631E-003   2.6596E-002   7.6416E-003   3.3659E-002   3.7240E-002   6.0596E-004   3.3920E-003  -1.4665E-002   1.9454E-002   9.4938E-002  
 1.6494E+000   1.4492E+000   2.0665E-001   4.5550E-002  -4.1187E-002  -1.4151E-001  -6.7540E-003  -4.7491E-002  -8.1032E-002  -1.7913E-001  -5.1083E-002   1.3474E-002   3.9255E-003  -8.0654E-003  -5.1661E-003   2.2018E-002   3.1749E-003   4.1356E-002   1.8710E-002   2.4632E-003   2.1353E-003  -1.4443E-002   1.9091E-002   9.2737E-002  
 1.6163E+000   1.4824E+000  -2.9493E-015   5.1462E-002  -3.0015E-015  -1.2207E-001   2.9217E-015  -4.3818E-002  -2.0299E-015  -1.8998E-001  -4.7208E-002   1.5980E-002  -5.1187E-015  -9.1027E-003  -1.2012E-015   2.0549E-002  -5.5757E-015   4.3834E-002  -2.6554E-015   3.1583E-003  -6.2043E-015  -1.4416E-002   1.8946E-002   9.2142E-002  
 1.6494E+000   1.4492E+000  -2.0665E-001   4.5550E-002   4.1187E-002  -1.4151E-001   6.7540E-003  -4.7491E-002   8.1032E-002  -1.7913E-001  -5.1083E-002   1.3474E-002  -3.9255E-003  -8.0654E-003   5.1661E-003   2.2018E-002  -3.1749E-003   4.1356E-002  -1.8710E-002   2.4632E-003  -2.1353E-003  -1.4443E-002   1.9091E-002   9.2737E-002  
 1.7459E+000   1.3477E+000  -3.8548E-001   2.5819E-002   1.2114E-001  -1.9445E-001   1.6807E-002  -5.8825E-002   1.6121E-001  -1.4579E-001  -6.3092E-002   6.3652E-003  -3.9688E-003  -4.7913E-003   9.8631E-003   2.6596E-002  -7.6416E-003   3.3659E-002  -3.7240E-002   6.0596E-004  -3.3920E-003  -1.4665E-002   1.9454E-002   9.4938E-002  
 1.8911E+000   1.1810E+000  -5.0620E-001  -1.7184E-002   2.8029E-001  -2.6691E-001   3.1379E-002  -7.3215E-002   2.3385E-001  -8.6975E-002  -8.5972E-002  -6.4984E-003   6.8331E-003   8.2493E-004   1.6294E-002   3.6384E-002  -1.5652E-002   2.1267E-002  -5.7125E-002  -2.2500E-003  -4.6391E-003  -1.5162E-002   2.0243E-002   1.1097E-001  
 2.0009E+000   1.0280E+000  -5.8690E-001  -1.4992E-001   6.1827E-001  -3.6511E-001   2.4017E-002  -4.1756E-002   2.5851E-001  -3.1929E-003  -1.4342E-001  -3.5797E-002   6.0366E-002   1.7252E-002   3.1648E-002   7.1392E-002  -4.0781E-002   1.2233E-003  -8.0998E-002  -6.0279E-003  -3.7857E-003  -1.7642E-002   1.6389E-002   9.7043E-002  
 1.7142E+000   1.1847E+000   7.8934E-001   3.2630E-002  -1.8545E-001  -7.7384E-002  -3.1405E-002  -4.7155E-002  -2.0645E-001   4.0200E-002  -5.9127E-002   3.7780E-003   9.0243E-003   7.3846E-003  -7.4527E-003   2.1503E-002   1.4384E-002  -9.2822E-003   4.7634E-002  -3.3003E-003   7.0224E-004  -1.4670E-002   1.9328E-002   9.4161E-002  
 1.4781E+000   1.3827E+000   6.9127E-001   7.2459E-002  -2.3398E-002  -1.7570E-002  -1.2685E-002  -2.5384E-002  -1.6194E-001  -2.9493E-002  -3.2143E-002   1.3846E-002   1.8491E-002   2.1153E-003  -7.1297E-003   1.2344E-002   6.2178E-003   6.7527E-003   3.7116E-002  -1.9488E-003   2.0656E-003  -1.4130E-002   1.8529E-002   8.8930E-002  
 1.2910E+000   1.5187E+000   5.0667E-001   9.2101E-002   4.0515E-002   5.3930E-002  -3.6045E-003  -1.0818E-002  -1.1141E-001  -7.7017E-002  -1.4191E-002   2.3911E-002   1.7999E-002  -1.4414E-003  -5.0494E-003   5.8959E-003   1.9995E-003   1.7278E-002   2.4990E-002  -9.9365E-005   2.1275E-003  -1.3844E-002   1.7944E-002   8.5043E-002  
 1.1701E+000   1.5986E+000   2.6588E-001   1.0019E-001   3.7232E-002   1.0880E-001  -3.8494E-004  -2.3992E-003  -5.6530E-002  -1.0487E-001  -3.9327E-003   3.1078E-002   1.0655E-002  -3.1652E-003  -2.4807E-003   2.0799E-003   3.7836E-004   2.3092E-002   1.2436E-002   1.0704E-003   1.1678E-003  -1.3759E-002   1.7574E-002   8.0433E-002  
 1.1288E+000   1.6247E+000  -1.9720E-015   1.0222E-001   1.8996E-015   1.2888E-001  -6.7782E-015   3.5846E-004   3.7465E-015  -1.1392E-001  -6.6612E-004   3.3598E-002   5.5069E-015  -3.6462E-003  -4.0168E-015   8.8173E-004  -8.2394E-015   2.4942E-002   4.4569E-015   1.4111E-003  -3.0007E-015  -1.3754E-002   1.7429E-002   7.9084E-002  
 1.1701E+000   1.5986E+000  -2.6588E-001   1.0019E-001  -3.7232E-002   1.0880E-001   3.8494E-004  -2.3992E-003   5.6530E-002  -1.0487E-001  -3.9327E-003   3.1078E-002  -1.0655E-002  -3.1652E-003   2.4807E-003   2.0799E-003  -3.7836E-004   2.3092E-002  -1.2436E-002   1.0704E-003  -1.1678E-003  -1.3759E-002   1.7574E-002   8.0433E-002  
 1.2910E+000   1.5187E+000  -5.0667E-001   9.2101E-002  -4.0515E-002   5.3930E-002   3.6045E-003  -1.0818E-002   1.1141E-001  -7.7017E-002  -1.4191E-002   2.3911E-002  -1.7999E-002  -1.4414E-003   5.0494E-003   5.8959E-003  -1.9995E-003   1.7278E-002  -2.4990E-002  -9.9365E-005  -2.1275E-003  -1.3844E-002   1.7944E-002   8.5043E-002  
 1.4781E+000   1.3827E+000  -6.9127E-001   7.2459E-002   2.3398E-002  -1.7570E-002   1.2685E-002  -2.5384E-002   1.6194E-001  -2.9493E-002  -3.2143E-002   1.3846E-002  -1.8491E-002   2.1153E-003   7.1297E-003   1.2344E-002  -6.2178E-003   6.7527E-003  -3.7116E-002  -1.9488E-003  -2.0656E-003  -1.4130E-002   1.8529E-002   8.8930E-002  
 1.7142E+000   1.1847E+000  -7.8934E-001   3.2630E-002   1.8545E-001  -7.7384E-002   3.1405E-002  -4.7155E-002   2.0645E-001   4.0200E-002  -5.9127E-002   3.7780E-003  -9.0243E-003   7.3846E-003   7.4527E-003   2.1503E-002  -1.4384E-002  -9.2822E-003  -4.7634E-002  -3.3003E-003  -7.0224E-004  -1.4670E-002   1.9328E-002   9.4161E-002  
 1.3294E+000   1.2438E+000   9.9416E-001   8.8755E-002   4.8763E-002   1.1039E-002  -9.0758E-003  -1.1385E-002  -1.2683E-001   6.1560E-002  -1.7701E-002   6.3591E-003   2.8031E-002   5.1514E-003  -2.4453E-003   6.0066E-003   4.8384E-003  -1.3925E-002   2.8615E-002  -2.2349E-003  -5.2461E-004  -1.3943E-002   1.8051E-002   8.7413E-002  
 1.0442E+000   1.3975E+000   8.3808E-001   1.0515E-001   1.3566E-001   7.2409E-002   3.0024E-003   4.9862E-003  -1.0355E-001   5.1714E-003   5.5577E-003   1.6294E-002   3.0572E-002   1.7581E-003  -2.6132E-003  -1.0129E-003  -5.8258E-004  -1.1133E-003   2.2544E-002  -1.1223E-003   5.3937E-004  -1.3954E-002   1.7013E-002   7.9861E-002  
 8.1907E-001   1.5030E+000   6.0148E-001   1.0699E-001   1.3821E-001   1.4500E-001   6.5380E-003   1.6306E-002  -7.2614E-002  -3.3204E-002   2.0425E-002   2.5722E-002   2.4554E-002  -8.5123E-005  -2.0084E-003  -5.2514E-003  -2.0792E-003   7.1123E-003   1.5571E-002  -2.5199E-004   7.6598E-004  -1.4720E-002   1.5709E-002   8.4976E-002  
 6.7433E-001   1.5647E+000   3.1217E-001   1.0429E-001   8.3387E-002   2.0063E-001   4.5508E-003   2.2776E-002  -3.7242E-002  -5.5532E-002   2.8881E-002   3.2409E-002   1.3488E-002  -9.3527E-004  -9.6472E-004  -7.7249E-003  -1.5162E-003   1.1689E-002   7.8334E-003   2.5438E-004   3.9701E-004  -1.5297E-002   1.4813E-002   8.7425E-002  
 6.2491E-001   1.5848E+000   2.7036E-015   1.0271E-001  -2.7803E-015   2.2099E-001   5.0969E-015   2.4892E-002   1.8438E-016  -6.2755E-002   3.1543E-002   3.4747E-002  -2.4249E-015  -1.1468E-003   3.3103E-015  -8.4819E-003   6.6995E-015   1.3159E-002  -3.8611E-015   3.3712E-004   5.1895E-015  -1.5572E-002   1.4455E-002   8.8630E-002  
 6.7433E-001   1.5647E+000  -3.1217E-001   1.0429E-001  -8.3387E-002   2.0063E-001  -4.5508E-003   2.2776E-002   3.7242E-002  -5.5532E-002   2.8881E-002   3.2409E-002  -1.3488E-002  -9.3527E-004   9.6472E-004  -7.7249E-003   1.5162E-003   1.1689E-002  -7.8334E-003   2.5438E-004  -3.9701E-004  -1.5297E-002   1.4813E-002   8.7425E-002  
 8.1907E-001   1.5030E+000  -6.0148E-001   1.0699E-001  -1.3821E-001   1.4500E-001  -6.5380E-003   1.6306E-002   7.2614E-002  -3.3204E-002   2.0425E-002   2.5722E-002  -2.4554E-002  -8.5123E-005   2.0084E-003  -5.2514E-003   2.0792E-003   7.1123E-003  -1.5571E-002  -2.5199E-004  -7.6598E-004  -1.4720E-002   1.5709E-002   8.4976E-002  
 1.0442E+000   1.3975E+000  -8.3808E-001   1.0515E-001  -1.3566E-001   7.2409E-002  -3.0024E-003   4.9862E-003   1.0355E-001   5.1714E-003   5.5577E-003   1.6294E-002  -3.0572E-002   1.7581E-003   2.6132E-003  -1.0129E-003   5.8258E-004  -1.1133E-003  -2.2544E-002  -1.1223E-003  -5.3937E-004  -1.3954E-002   1.7013E-002   7.9861E-002  
 1.3294E+000   1.2438E+000  -9.9416E-001   8.8755E-002  -4.8763E-002   1.1039E-002   9.0758E-003  -1.1385E-002   1.2683E-001   6.1560E-002  -1.7701E-002   6.3591E-003  -2.8031E-002   5.1514E-003   2.4453E-003   6.0066E-003  -4.8384E-003  -1.3925E-002  -2.8615E-002  -2.2349E-003   5.2461E-004  -1.3943E-002   1.8051E-002   8.7413E-002  
 2.0009E+000   5.8690E-001   1.0280E+000  -1.4992E-001  -6.1827E-001   3.6511E-001  -4.1756E-002  -2.4017E-002   3.1929E-003   2.5851E-001  -1.4342E-001   3.5797E-002  -6.0366E-002   1.7252E-002   3.1648E-002   4.0781E-002   7.1392E-002  -8.0998E-002  -1.2233E-003   3.7857E-003  -6.0279E-003  -1.7642E-002   1.6389E-002   9.7043E-002  
 1.7142E+000   7.8934E-001   1.1847E+000   3.2630E-002  -1.8545E-001   7.7384E-002  -4.7155E-002  -3.1405E-002  -4.0200E-002   2.0645E-001  -5.9127E-002  -3.7780E-003   9.0243E-003   7.3846E-003   7.4527E-003   1.4384E-002   2.1503E-002  -4.7634E-002   9.2822E-003   7.0224E-004  -3.3003E-003  -1.4670E-002   1.9328E-002   9.4161E-002  
 1.3294E+000   9.9416E-001   1.2438E+000   8.8755E-002   4.8763E-002  -1.1039E-002  -1.1385E-002  -9.0758E-003  -6.1560E-002   1.2683E-001  -1.7701E-002  -6.3591E-003   2.8031E-002   5.1514E-003   2.4453E-003   4.8384E-003   6.0066E-003  -2.8615E-002   1.3925E-002  -5.2461E-004  -2.2349E-003  -1.3943E-002   1.8051E-002   8.7413E-002  
 9.5377E-001   1.1520E+000   1.1520E+000   1.0682E-001   1.7569E-001   3.1372E-012   7.7911E-003   7.7911E-003  -6.6145E-002   6.6145E-002   1.1756E-002  -1.8650E-012   3.5280E-002   2.6311E-003   2.7019E-013  -2.1760E-003  -2.1760E-003  -1.4317E-002   1.4317E-002  -7.2806E-004  -7.2806E-004  -1.4288E-002   1.6489E-002   8.2130E-002  
 6.2298E-001   1.2673E+000   9.5089E-001   1.0265E-001   2.1233E-001   6.1822E-002   1.4977E-002   1.9956E-002  -5.8609E-002   2.2087E-002   3.1645E-002   9.7170E-003   3.3401E-002   9.7530E-004  -6.0521E-004  -6.8074E-003  -5.0935E-003  -4.6101E-003   1.2244E-002  -3.3038E-004  -2.9674E-005  -1.5564E-002   1.4482E-002   8.7628E-002  
 3.6321E-001   1.3460E+000   6.7398E-001   8.9678E-002   1.8042E-001   1.3497E-001   1.4177E-002   2.8307E-002  -4.2895E-002  -7.7172E-003   4.4188E-002   1.8850E-002   2.5239E-002   1.7216E-004  -6.0788E-004  -9.4056E-003  -4.7011E-003   1.6274E-003   8.9788E-003  -7.8002E-005   1.0128E-004  -1.7263E-002   1.2197E-002   8.0774E-002  
 1.9667E-001   1.3920E+000   3.4746E-001   7.7906E-002   1.0168E-001   1.9095E-001   8.2653E-003   3.3095E-002  -2.2438E-002  -2.4867E-002   5.1247E-002   2.5203E-002   1.3439E-002  -2.4203E-004  -3.5818E-004  -1.0922E-002  -2.7131E-003   5.2539E-003   4.7253E-003   4.7141E-005   9.3997E-005  -1.8363E-002   1.0671E-002   7.3020E-002  
 1.3992E-001   1.4069E+000   1.2859E-015   7.3358E-002   1.2787E-016   2.1145E-001   2.3400E-015   3.4627E-002   1.6665E-015  -3.0395E-002   5.3491E-002   2.7450E-002   9.1505E-016  -3.7510E-004   3.6464E-015  -1.1432E-002   4.1594E-016   6.4377E-003  -1.8305E-015   9.0725E-005  -4.4802E-015  -1.8724E-002   1.0155E-002   7.2406E-002  
 1.9667E-001   1.3920E+000  -3.4746E-001   7.7906E-002  -1.0168E-001   1.9095E-001  -8.2653E-003   3.3095E-002   2.2438E-002  -2.4867E-002   5.1247E-002   2.5203E-002  -1.3439E-002  -2.4203E-004   3.5818E-004  -1.0922E-002   2.7131E-003   5.2539E-003  -4.7253E-003   4.7141E-005  -9.3997E-005  -1.8363E-002   1.0671E-002   7.3020E-002  
 3.6321E-001   1.3460E+000  -6.7398E-001   8.9678E-002  -1.8042E-001   1.3497E-001  -1.4177E-002   2.8307E-002   4.2895E-002  -7.7172E-003   4.4188E-002   1.8850E-002  -2.5239E-002   1.7216E-004   6.0788E-004  -9.4056E-003   4.7011E-003   1.6274E-003  -8.9788E-003  -7.8002E-005  -1.0128E-004  -1.7263E-002   1.2197E-002   8.0774E-002  
 6.2298E-001   1.2673E+000  -9.5089E-001   1.0265E-001  -2.1233E-001   6.1822E-002  -1.4977E-002   1.9956E-002   5.8609E-002   2.2087E-002   3.1645E-002   9.7170E-003  -3.3401E-002   9.7530E-004   6.0521E-004  -6.8074E-003   5.0935E-003  -4.6101E-003  -1.2244E-002  -3.3038E-004   2.9674E-005  -1.5564E-002   1.4482E-002   8.7628E-002  
 9.5377E-001   1.1520E+000  -1.1520E+000   1.0682E-001  -1.7569E-001   3.1341E-012  -7.7911E-003   7.7911E-003   6.6145E-002   6.6145E-002   1.1756E-002  -1.8682E-012  -3.5280E-002   2.6311E-003  -2.6977E-013  -2.1760E-003   2.1760E-003  -1.4317E-002  -1.4317E-002  -7.2806E-004   7.2806E-004  -1.4288E-002   1.6489E-002   8.2130E-002  
 1.3294E+000   9.9416E-001  -1.2438E+000   8.8755E-002  -4.8763E-002  -1.1039E-002   1.1385E-002  -9.0758E-003   6.1560E-002   1.2683E-001  -1.7701E-002  -6.3591E-003  -2.8031E-002   5.1514E-003  -2.4453E-003   4.8384E-003  -6.0066E-003  -2.8615E-002  -1.3925E-002  -5.2461E-004   2.2349E-003  -1.3943E-002   1.8051E-002   8.7413E-002  
 1.7142E+000   7.8934E-001  -1.1847E+000   3.2630E-002   1.8545E-001   7.7384E-002   4.7155E-002  -3.1405E-002   4.0200E-002   2.0645E-001  -5.9127E-002  -3.7780E-003  -9.0243E-003   7.3846E-003  -7.4527E-003   1.4384E-002  -2.1503E-002  -4.7634E-002  -9.2822E-003   7.0224E-004   3.3003E-003  -1.4670E-002   1.9328E-002   9.4161E-002  
 2.0009E+000   5.8690E-001  -1.0280E+000  -1.4992E-001   6.1827E-001   3.6511E-001   4.1756E-002  -2.4017E-002  -3.1929E-003   2.5851E-001  -1.4342E-001   3.5797E-002   6.0366E-002   1.7252E-002  -3.1648E-002   4.0781E-002  -7.1392E-002  -8.0998E-002   1.2233E-003   3.7857E-003   6.0279E-003  -1.7642E-002   1.6389E-002   9.7043E-002  
 1.8911E+000   5.0620E-001   1.1810E+000  -1.7184E-002  -2.8029E-001   2.6691E-001  -7.3215E-002  -3.1379E-002   8.6975E-002   2.3385E-001  -8.5972E-002   6.4984E-003  -6.8331E-003   8.2493E-004   1.6294E-002   1.5652E-002   3.6384E-002  -5.7125E-002  -2.1267E-002   4.6391E-003  -2.2500E-003  -1.5162E-002   2.0243E-002   1.1097E-001  
 1.4781E+000   6.9127E-001   1.3827E+000   7.2459E-002  -2.3398E-002   1.7570E-002  -2.5384E-002  -1.2685E-002   2.9493E-002   1.6194E-001  -3.2143E-002  -1.3846E-002   1.8491E-002   2.1153E-003   7.1297E-003   6.2178E-003   1.2344E-002  -3.7116E-002  -6.7527E-003   2.0656E-003  -1.9488E-003  -1.4130E-002   1.8529E-002   8.8930E-002  
 1.0442E+000   8.3808E-001   1.3975E+000   1.0515E-001   1.3566E-001  -7.2409E-002   4.9862E-003   3.0024E-003  -5.1714E-003   1.0355E-001   5.5577E-003  -1.6294E-002   3.0572E-002   1.7581E-003   2.6132E-003  -5.8258E-004  -1.0129E-003  -2.2544E-002   1.1133E-003   5.3937E-004  -1.1223E-003  -1.3954E-002   1.7013E-002   7.9861E-002  
 6.2298E-001   9.5089E-001   1.2673E+000   1.0265E-001   2.1233E-001  -6.1822E-002   1.9956E-002   1.4977E-002  -2.2087E-002   5.8609E-002   3.1645E-002  -9.7170E-003   3.3401E-002   9.7530E-004   6.0521E-004  -5.0935E-003  -6.8074E-003  -1.2244E-002   4.6101E-003  -2.9674E-005  -3.3038E-004  -1.5564E-002   1.4482E-002   8.7628E-002  
 2.5383E-001   1.0329E+000   1.0329E+000   8.2218E-002   2.2036E-001   4.0932E-012   2.3631E-002   2.3631E-002  -2.6017E-002   2.6017E-002   4.8895E-002  -8.2706E-013   2.9660E-002   4.8439E-004  -4.5466E-012  -7.8007E-003  -7.8007E-003  -5.4651E-003   5.4651E-003  -7.0795E-005  -7.0795E-005  -1.7993E-002   1.1211E-002   7.4942E-002  
-3.4824E-002   1.0885E+000   7.2638E-001   5.7773E-002   1.7653E-001   7.3357E-002   1.9561E-002   2.9310E-002  -2.1504E-002   4.2415E-003   6.0003E-002   9.1028E-003   2.1935E-002   1.5861E-004  -1.6639E-004  -9.7150E-003  -6.4761E-003  -8.9720E-004   4.5724E-003  -3.7987E-005   1.4339E-005  -1.9822E-002   8.6292E-003   6.0115E-002  
-2.1944E-001   1.1208E+000   3.7286E-001   3.8980E-002   9.6943E-002   1.2956E-001   1.0824E-002   3.2526E-002  -1.1896E-002  -8.2606E-003   6.6234E-002   1.5472E-002   1.1593E-002  -4.2972E-005  -1.2446E-004  -1.0883E-002  -3.6157E-003   1.7837E-003   2.5589E-003   6.1327E-006   2.8249E-005  -2.0903E-002   7.0221E-003   5.0518E-002  
-2.8228E-001   1.1313E+000   1.8118E-015   3.2075E-002  -4.0559E-015   1.5015E-001   1.9072E-015   3.3549E-002  -1.8825E-015  -1.2291E-002   6.8220E-002   1.7723E-002   1.4409E-015  -1.0877E-004  -1.1517E-015  -1.1275E-002   3.1977E-015   2.6659E-003  -1.9780E-015   2.4583E-005   1.8352E-015  -2.1269E-002   6.4856E-003   4.8819E-002  
-2.1944E-001   1.1208E+000  -3.7286E-001   3.8980E-002  -9.6943E-002   1.2956E-001  -1.0824E-002   3.2526E-002   1.1896E-002  -8.2606E-003   6.6234E-002   1.5472E-002  -1.1593E-002  -4.2972E-005   1.2446E-004  -1.0883E-002   3.6157E-003   1.7837E-003  -2.5589E-003   6.1327E-006  -2.8249E-005  -2.0903E-002   7.0221E-003   5.0518E-002  
-3.4824E-002   1.0885E+000  -7.2638E-001   5.7773E-002  -1.7653E-001   7.3357E-002  -1.9561E-002   2.9310E-002   2.1504E-002   4.2415E-003   6.0003E-002   9.1028E-003  -2.1935E-002   1.5861E-004   1.6639E-004  -9.7150E-003   6.4761E-003  -8.9720E-004  -4.5724E-003  -3.7987E-005  -1.4339E-005  -1.9822E-002   8.6292E-003   6.0115E-002  
 2.5383E-001   1.0329E+000  -1.0329E+000   8.2218E-002  -2.2036E-001   4.0943E-012  -2.3631E-002   2.3631E-002   2.6017E-002   2.6017E-002   4.8895E-002  -8.2727E-013  -2.9660E-002   4.8439E-004   4.5481E-012  -7.8007E-003   7.8007E-003  -5.4651E-003  -5.4651E-003  -7.0795E-005   7.0795E-005  -1.7993E-002   1.1211E-002   7.4942E-002  
 6.2298E-001   9.5089E-001  -1.2673E+000   1.0265E-001  -2.1233E-001  -6.1822E-002  -1.9956E-002   1.4977E-002   2.2087E-002   5.8609E-002   3.1645E-002  -9.7170E-003  -3.3401E-002   9.7530E-004  -6.0521E-004  -5.0935E-003   6.8074E-003  -1.2244E-002  -4.6101E-003  -2.9674E-005   3.3038E-004  -1.5564E-002   1.4482E-002   8.7628E-002  
 1.0442E+000   8.3808E-001  -1.3975E+000   1.0515E-001  -1.3566E-001  -7.2409E-002  -4.9862E-003   3.0024E-003   5.1714E-003   1.0355E-001   5.5577E-003  -1.6294E-002  -3.0572E-002   1.7581E-003  -2.6132E-003  -5.8258E-004   1.0129E-003  -2.2544E-002  -1.1133E-003   5.3937E-004   1.1223E-003  -1.3954E-002   1.7013E-002   7.9861E-002  
 1.4781E+000   6.9127E-001  -1.3827E+000   7.2459E-002   2.3398E-002   1.7570E-002   2.5384E-002  -1.2685E-002  -2.9493E-002   1.6194E-001  -3.2143E-002  -1.3846E-002  -1.8491E-002   2.1153E-003  -7.1297E-003   6.2178E-003  -1.2344E-002  -3.7116E-002   6.7527E-003   2.0656E-003   1.9488E-003  -1.4130E-002   1.8529E-002   8.8930E-002  
 1.8911E+000   5.0620E-001  -1.1810E+000  -1.7184E-002   2.8029E-001   2.6691E-001   7.3215E-002  -3.1379E-002  -8.6975E-002   2.3385E-001  -8.5972E-002   6.4984E-003   6.8331E-003   8.2493E-004  -1.6294E-002   1.5652E-002  -3.6384E-002  -5.7125E-002   2.1267E-002   4.6391E-003   2.2500E-003  -1.5162E-002   2.0243E-002   1.1097E-001  
 1.7459E+000   3.8548E-001   1.3477E+000   2.5819E-002  -1.2114E-001   1.9445E-001  -5.8825E-002  -1.6807E-002   1.4579E-001   1.6121E-001  -6.3092E-002  -6.3652E-003   3.9688E-003  -4.7913E-003   9.8631E-003   7.6416E-003   2.6596E-002  -3.7240E-002  -3.3659E-002   3.3920E-003   6.0596E-004  -1.4665E-002   1.9454E-002   9.4938E-002  
 1.2910E+000   5.0667E-001   1.5187E+000   9.2101E-002   4.0515E-002  -5.3930E-002  -1.0818E-002  -3.6045E-003   7.7017E-002   1.1141E-001  -1.4191E-002  -2.3911E-002   1.7999E-002  -1.4414E-003   5.0494E-003   1.9995E-003   5.8959E-003  -2.4990E-002  -1.7278E-002   2.1275E-003  -9.9365E-005  -1.3844E-002   1.7944E-002   8.5043E-002  
 8.1907E-001   6.0148E-001   1.5030E+000   1.0699E-001   1.3821E-001  -1.4500E-001   1.6306E-002   6.5380E-003   3.3204E-002   7.2614E-002   2.0425E-002  -2.5722E-002   2.4554E-002  -8.5123E-005   2.0084E-003  -2.0792E-003  -5.2514E-003  -1.5571E-002  -7.1123E-003   7.6598E-004  -2.5199E-004  -1.4720E-002   1.5709E-002   8.4976E-002  
 3.6321E-001   6.7398E-001   1.3460E+000   8.9678E-002   1.8042E-001  -1.3497E-001   2.8307E-002   1.4177E-002   7.7172E-003   4.2895E-002   4.4188E-002  -1.8850E-002   2.5239E-002   1.7216E-004   6.0788E-004  -4.7011E-003  -9.4056E-003  -8.9788E-003  -1.6274E-003   1.0128E-004  -7.8002E-005  -1.7263E-002   1.2197E-002   8.0774E-002  
-3.4824E-002   7.2638E-001   1.0885E+000   5.7773E-002   1.7653E-001  -7.3357E-002   2.9310E-002   1.9561E-002  -4.2415E-003   2.1504E-002   6.0003E-002  -9.1028E-003   2.1935E-002   1.5861E-004   1.6639E-004  -6.4761E-003  -9.7150E-003  -4.5724E-003   8.9720E-004   1.4339E-005  -3.7987E-005  -1.9822E-002   8.6292E-003   6.0115E-002  
-3.4529E-001   7.6179E-001   7.6179E-001   2.4912E-002   1.3767E-001   3.8782E-013   2.3054E-002   2.3054E-002  -7.2666E-003   7.2666E-003   7.0153E-002   9.8022E-013   1.6100E-002   7.2952E-005  -3.0383E-012  -7.7753E-003  -7.7753E-003  -1.5793E-003   1.5793E-003  -5.8050E-006  -5.8050E-006  -2.1628E-002   5.9747E-003   4.2937E-002  
-5.4350E-001   7.8234E-001   3.9001E-001   8.6677E-004   7.4663E-002   5.6268E-002   1.2455E-002   2.4983E-002  -4.8877E-003  -9.0203E-004   7.5862E-002   6.3650E-003   8.4558E-003   2.3966E-006  -2.8619E-005  -8.5378E-003  -4.2547E-003   2.0282E-004   1.0740E-003   2.0342E-006   5.8186E-006  -2.2776E-002   4.3646E-003   3.1942E-002  
-6.1091E-001   7.8900E-001   4.6131E-015  -7.7910E-003  -1.2872E-015   7.6884E-002   7.2400E-015   2.5594E-002  -6.4025E-015  -3.5338E-003   7.7679E-002   8.6117E-003  -1.6698E-015  -2.4052E-005   1.8298E-015  -8.7882E-003   1.0267E-014   7.8549E-004  -7.2665E-015   7.0499E-006   7.5910E-015  -2.3160E-002   3.8419E-003   2.9519E-002  
-5.4350E-001   7.8234E-001  -3.9001E-001   8.6677E-004  -7.4663E-002   5.6268E-002  -1.2455E-002   2.4983E-002   4.8877E-003  -9.0203E-004   7.5862E-002   6.3650E-003  -8.4558E-003   2.3966E-006   2.8619E-005  -8.5378E-003   4.2547E-003   2.0282E-004  -1.0740E-003   2.0342E-006  -5.8186E-006  -2.2776E-002   4.3646E-003   3.1942E-002  
-3.4529E-001   7.6179E-001  -7.6179E-001   2.4912E-002  -1.3767E-001   3.8494E-013  -2.3054E-002   2.3054E-002   7.2666E-003   7.2666E-003   7.0153E-002   9.7780E-013  -1.6100E-002   7.2952E-005   3.0374E-012  -7.7753E-003   7.7753E-003  -1.5793E-003  -1.5793E-003  -5.8050E-006   5.8050E-006  -2.1628E-002   5.9747E-003   4.2937E-002  
-3.4824E-002   7.2638E-001  -1.0885E+000   5.7773E-002  -1.7653E-001  -7.3357E-002  -2.9310E-002   1.9561E-002   4.2415E-003   2.1504E-002   6.0003E-002  -9.1028E-003  -2.1935E-002   1.5861E-004  -1.6639E-004  -6.4761E-003   9.7150E-003  -4.5724E-003  -8.9720E-004   1.4339E-005   3.7987E-005  -1.9822E-002   8.6292E-003   6.0115E-002  
 3.6321E-001   6.7398E-001  -1.3460E+000   8.9678E-002  -1.8042E-001  -1.3497E-001  -2.8307E-002   1.4177E-002  -7.7172E-003   4.2895E-002   4.4188E-002  -1.8850E-002  -2.5239E-002   1.7216E-004  -6.0788E-004  -4.7011E-003   9.4056E-003  -8.9788E-003   1.6274E-003   1.0128E-004   7.8002E-005  -1.7263E-002   1.2197E-002   8.0774E-002  
 8.1907E-001   6.0148E-001  -1.5030E+000   1.0699E-001  -1.3821E-001  -1.4500E-001  -1.6306E-002   6.5380E-003  -3.3204E-002   7.2614E-002   2.0425E-002  -2.5722E-002  -2.4554E-002  -8.5123E-005  -2.0084E-003  -2.0792E-003   5.2514E-003  -1.5571E-002   7.1123E-003   7.6598E-004   2.5199E-004  -1.4720E-002   1.5709E-002   8.4976E-002  
 1.2910E+000   5.0667E-001  -1.5187E+000   9.2101E-002  -4.0515E-002  -5.3930E-002   1.0818E-002  -3.6045E-003  -7.7017E-002   1.1141E-001  -1.4191E-002  -2.3911E-002  -1.7999E-002  -1.4414E-003  -5.0494E-003   1.9995E-003  -5.8959E-003  -2.4990E-002   1.7278E-002   2.1275E-003   9.9365E-005  -1.3844E-002   1.7944E-002   8.5043E-002  
 1.7459E+000   3.8548E-001  -1.3477E+000   2.5819E-002   1.2114E-001   1.9445E-001   5.8825E-002  -1.6807E-002  -1.4579E-001   1.6121E-001  -6.3092E-002  -6.3652E-003  -3.9688E-003  -4.7913E-003  -9.8631E-003   7.6416E-003  -2.6596E-002  -3.7240E-002   3.3659E-002   3.3920E-003  -6.0596E-004  -1.4665E-002   1.9454E-002   9.4938E-002  
 1.6494E+000   2.0665E-001   1.4492E+000   4.5550E-002  -4.1187E-002   1.4151E-001  -4.7491E-002  -6.7540E-003   1.7913E-001   8.1032E-002  -5.1083E-002  -1.3474E-002   3.9255E-003  -8.0654E-003   5.1661E-003   3.1749E-003   2.2018E-002  -1.8710E-002  -4.1356E-002   2.1353E-003   2.4632E-003  -1.4443E-002   1.9091E-002   9.2737E-002  
 1.1701E+000   2.6588E-001   1.5986E+000   1.0019E-001   3.7232E-002  -1.0880E-001  -2.3992E-003  -3.8494E-004   1.0487E-001   5.6530E-002  -3.9327E-003  -3.1078E-002   1.0655E-002  -3.1652E-003   2.4807E-003   3.7836E-004   2.0799E-003  -1.2436E-002  -2.3092E-002   1.1678E-003   1.0704E-003  -1.3759E-002   1.7574E-002   8.0433E-002  
 6.7433E-001   3.1217E-001   1.5647E+000   1.0429E-001   8.3387E-002  -2.0063E-001   2.2776E-002   4.5508E-003   5.5532E-002   3.7242E-002   2.8881E-002  -3.2409E-002   1.3488E-002  -9.3527E-004   9.6472E-004  -1.5162E-003  -7.7249E-003  -7.8334E-003  -1.1689E-002   3.9701E-004   2.5438E-004  -1.5297E-002   1.4813E-002   8.7425E-002  
 1.9667E-001   3.4746E-001   1.3920E+000   7.7906E-002   1.0168E-001  -1.9095E-001   3.3095E-002   8.2653E-003   2.4867E-002   2.2438E-002   5.1247E-002  -2.5203E-002   1.3439E-002  -2.4203E-004   3.5818E-004  -2.7131E-003  -1.0922E-002  -4.7253E-003  -5.2539E-003   9.3997E-005   4.7141E-005  -1.8363E-002   1.0671E-002   7.3020E-002  
-2.1944E-001   3.7286E-001   1.1208E+000   3.8980E-002   9.6943E-002  -1.2956E-001   3.2526E-002   1.0824E-002   8.2606E-003   1.1896E-002   6.6234E-002  -1.5472E-002   1.1593E-002  -4.2972E-005   1.2446E-004  -3.6157E-003  -1.0883E-002  -2.5589E-003  -1.7837E-003   2.8249E-005   6.1327E-006  -2.0903E-002   7.0221E-003   5.0518E-002  
-5.4350E-001   3.9001E-001   7.8234E-001   8.6677E-004   7.4663E-002  -5.6268E-002   2.4983E-002   1.2455E-002   9.0203E-004   4.8877E-003   7.5862E-002  -6.3650E-003   8.4558E-003   2.3966E-006   2.8619E-005  -4.2547E-003  -8.5378E-003  -1.0740E-003  -2.0282E-004   5.8186E-006   2.0343E-006  -2.2776E-002   4.3646E-003   3.1942E-002  
-7.5021E-001   3.9995E-001   3.9995E-001  -2.6400E-002   4.0246E-002   2.9808E-012   1.3356E-002   1.3356E-002  -8.6722E-004   8.6722E-004   8.1256E-002   9.4601E-012   4.4301E-003  -9.8125E-007  -1.0280E-011  -4.6298E-003  -4.6298E-003  -1.9168E-004   1.9168E-004   2.2968E-006   2.2968E-006  -2.3947E-002   2.8479E-003   1.9283E-002  
-8.2047E-001   4.0317E-001  -2.0739E-015  -3.6136E-002   1.1597E-015   2.0624E-002  -3.3610E-015   1.3639E-002   2.2459E-015  -4.2744E-004   8.2969E-002   2.2476E-003   2.9985E-016  -6.8540E-006  -1.4270E-015  -4.7520E-003  -3.1494E-015   9.8433E-005   3.0809E-015   2.5089E-006  -3.1413E-015  -2.4343E-002   2.4107E-003   1.5240E-002  
-7.5021E-001   3.9995E-001  -3.9995E-001  -2.6400E-002  -4.0246E-002   2.9841E-012  -1.3356E-002   1.3356E-002   8.6722E-004   8.6722E-004   8.1256E-002   9.4593E-012  -4.4301E-003  -9.8125E-007   1.0282E-011  -4.6298E-003   4.6298E-003  -1.9168E-004  -1.9168E-004   2.2968E-006  -2.2968E-006  -2.3947E-002   2.8479E-003   1.9283E-002  
-5.4350E-001   3.9001E-001  -7.8234E-001   8.6677E-004  -7.4663E-002  -5.6268E-002  -2.4983E-002   1.2455E-002  -9.0203E-004   4.8877E-003   7.5862E-002  -6.3650E-003  -8.4558E-003   2.3966E-006  -2.8619E-005  -4.2547E-003   8.5378E-003  -1.0740E-003   2.0282E-004   5.8186E-006  -2.0343E-006  -2.2776E-002   4.3646E-003   3.1942E-002  
-2.1944E-001   3.7286E-001  -1.1208E+000   3.8980E-002  -9.6943E-002  -1.2956E-001  -3.2526E-002   1.0824E-002  -8.2606E-003   1.1896E-002   6.6234E-002  -1.5472E-002  -1.1593E-002  -4.2972E-005  -1.2446E-004  -3.6157E-003   1.0883E-002  -2.5589E-003   1.7837E-003   2.8249E-005  -6.1327E-006  -2.0903E-002   7.0221E-003   5.0518E-002  
 1.9667E-001   3.4746E-001  -1.3920E+000   7.7906E-002  -1.0168E-001  -1.9095E-001  -3.3095E-002   8.2653E-003  -2.4867E-002   2.2438E-002   5.1247E-002  -2.5203E-002  -1.3439E-002  -2.4203E-004  -3.5818E-004  -2.7131E-003   1.0922E-002  -4.7253E-003   5.2539E-003   9.3997E-005  -4.7141E-005  -1.8363E-002   1.0671E-002   7.3020E-002  
 6.7433E-001   3.1217E-001  -1.5647E+000   1.0429E-001  -8.3387E-002  -2.0063E-001  -2.2776E-002   4.5508E-003  -5.5532E-002   3.7242E-002   2.8881E-002  -3.2409E-002  -1.3488E-002  -9.3527E-004  -9.6472E-004  -1.5162E-003   7.7249E-003  -7.8334E-003   1.1689E-002   3.9701E-004  -2.5438E-004  -1.5297E-002   1.4813E-002   8.7425E-002  
 1.1701E+000   2.6588E-001  -1.5986E+000   1.0019E-001  -3.7232E-002  -1.0880E-001   2.3992E-003  -3.8494E-004  -1.0487E-001   5.6530E-002  -3.9327E-003  -3.1078E-002  -1.0655E-002  -3.1652E-003  -2.4807E-003   3.7836E-004  -2.0799E-003  -1.2436E-002   2.3092E-002   1.1678E-003  -1.0704E-003  -1.3759E-002   1.7574E-002   8.0433E-002  
 1.6494E+000   2.0665E-001  -1.4492E+000   4.5550E-002   4.1187E-002   1.4151E-001   4.7491E-002  -6.7540E-003  -1.7913E-001   8.1032E-002  -5.1083E-002  -1.3474E-002  -3.9255E-003  -8.0654E-003  -5.1661E-003   3.1749E-003  -2.2018E-002  -1.8710E-002   4.1356E-002   2.1353E-003  -2.4632E-003  -1.4443E-002   1.9091E-002   9.2737E-002  
 1.6163E+000  -5.5274E-017   1.4824E+000   5.1462E-002   3.6668E-017   1.2207E-001  -4.3818E-002   6.2730E-017   1.8998E-001   1.0649E-016  -4.7208E-002  -1.5980E-002   3.9371E-016  -9.1027E-003  -4.4885E-017  -2.9881E-016   2.0549E-002  -1.9681E-016  -4.3834E-002  -1.4447E-016   3.1583E-003  -1.4416E-002   1.8946E-002   9.2142E-002  
 1.1288E+000  -6.4139E-017   1.6247E+000   1.0222E-001   6.6043E-016  -1.2888E-001   3.5846E-004  -4.1677E-016   1.1392E-001   1.1942E-015  -6.6612E-004  -3.3598E-002   8.0647E-016  -3.6462E-003  -1.6739E-015  -2.5056E-016   8.8173E-004   1.1932E-015  -2.4942E-002  -2.0048E-015   1.4111E-003  -1.3754E-002   1.7429E-002   7.9084E-002  
 6.2491E-001   2.2285E-016   1.5848E+000   1.0271E-001  -8.1021E-016  -2.2099E-001   2.4892E-002   5.6673E-016   6.2755E-002  -9.6907E-016   3.1543E-002  -3.4747E-002  -7.6911E-016  -1.1468E-003   1.5213E-015   2.6146E-016  -8.4819E-003  -1.2735E-015  -1.3159E-002   2.0605E-015   3.3712E-004  -1.5572E-002   1.4455E-002   8.8630E-002  
 1.3992E-001   2.5591E-016   1.4069E+000   7.3358E-002  -4.8715E-017  -2.1145E-001   3.4627E-002   1.7415E-016   3.0395E-002   4.0803E-016   5.3491E-002  -2.7450E-002   2.1866E-016  -3.7510E-004  -2.6546E-017  -8.2731E-017  -1.1432E-002   1.0062E-017  -6.4377E-003  -3.7849E-017   9.0725E-005  -1.8724E-002   1.0155E-002   7.2406E-002  
-2.8228E-001  -1.9057E-017   1.1313E+000   3.2075E-002   1.4982E-017  -1.5015E-001   3.3549E-002  -2.2853E-016   1.2291E-002   4.6339E-017   6.8220E-002  -1.7723E-002   8.3753E-018  -1.0877E-004  -1.2782E-016  -2.1676E-017  -1.1275E-002   5.4068E-017  -2.6659E-003   3.3634E-016   2.4583E-005  -2.1269E-002   6.4856E-003   4.8819E-002  
-6.1091E-001  -4.0588E-017   7.8900E-001  -7.7910E-003  -1.4303E-016  -7.6884E-002   2.5594E-002   7.8515E-018   3.5338E-003   8.0848E-017   7.7679E-002  -8.6117E-003   2.2285E-016  -2.4052E-005   1.1866E-016   9.2755E-017  -8.7882E-003  -6.1472E-017  -7.8549E-004   4.5383E-017   7.0499E-006  -2.3160E-002   3.8419E-003   2.9519E-002  
-8.2047E-001   5.9052E-017   4.0317E-001  -3.6136E-002  -3.0834E-017  -2.0624E-002   1.3639E-002  -3.0996E-017   4.2744E-004   4.0948E-017   8.2969E-002  -2.2476E-003  -1.3176E-016  -6.8540E-006   2.7344E-017   7.7489E-017  -4.7520E-003   8.1422E-017  -9.8433E-005  -2.3802E-017   2.5089E-006  -2.4343E-002   2.4107E-003   1.5240E-002  
-8.9170E-001  -1.7931E-015   7.9316E-017  -4.6229E-002   8.3359E-017   2.3193E-011   4.6368E-015   1.9877E-016  -3.9008E-015   4.0127E-017   8.4648E-002  -8.4176E-013   1.2565E-015  -4.7074E-006  -6.1221E-017   6.3035E-016   6.7633E-015  -5.5820E-017  -5.5346E-015  -3.2540E-017   4.2382E-015  -2.4737E-002   2.0546E-003   7.0738E-003  
-8.2047E-001  -2.3945E-016  -4.0317E-001  -3.6136E-002   5.1129E-016  -2.0624E-002  -1.3639E-002  -3.9322E-016  -4.2744E-004   9.4473E-016   8.2969E-002  -2.2476E-003   5.9822E-016  -6.8540E-006  -1.3116E-015  -4.0084E-016   4.7520E-003   1.1722E-015   9.8433E-005  -1.8818E-015  -2.5089E-006  -2.4343E-002   2.4107E-003   1.5240E-002  
-6.1091E-001   6.1320E-016  -7.8900E-001  -7.7910E-003  -1.5352E-015  -7.6884E-002  -2.5594E-002   8.4561E-016  -3.5338E-003  -2.2571E-015   7.7679E-002  -8.6117E-003  -1.6768E-015  -2.4052E-005   3.2876E-015   1.1371E-015   8.7882E-003  -3.0563E-015   7.8549E-004   4.2764E-015  -7.0499E-006  -2.3160E-002   3.8419E-003   2.9519E-002  
-2.8228E-001   2.3011E-016  -1.1313E+000   3.2075E-002  -3.5960E-016  -1.5015E-001  -3.3549E-002   1.9862E-016  -1.2291E-002  -6.8822E-016   6.8220E-002  -1.7723E-002  -2.7166E-016  -1.0877E-004   9.6723E-016   2.0051E-016   1.1275E-002  -8.0340E-016   2.6659E-003   1.4037E-015  -2.4583E-005  -2.1269E-002   6.4856E-003   4.8819E-002  
 1.3992E-001  -2.3120E-016  -1.4069E+000   7.3358E-002  -1.2802E-016  -2.1145E-001  -3.4627E-002   1.5658E-016  -3.0395E-002  -3.1660E-016   5.3491E-002  -2.7450E-002   1.7035E-016  -3.7510E-004   3.2621E-016  -6.5742E-017   1.1432E-002  -3.1737E-016   6.4377E-003   6.9970E-016  -9.0725E-005  -1.8724E-002   1.0155E-002   7.2406E-002  
 6.2491E-001   4.0261E-016  -1.5848E+000   1.0271E-001  -6.2371E-016  -2.2099E-001  -2.4892E-002   4.6546E-016  -6.2755E-002  -1.2278E-015   3.1543E-002  -3.4747E-002  -1.0676E-015  -1.1468E-003   1.7359E-015   6.5255E-016   8.4819E-003  -1.3628E-015   1.3159E-002   2.3081E-015  -3.3712E-004  -1.5572E-002   1.4455E-002   8.8630E-002  
 1.1288E+000  -3.9380E-016  -1.6247E+000   1.0222E-001   9.2958E-016  -1.2888E-001  -3.5846E-004  -6.3289E-016  -1.1392E-001   1.4801E-015  -6.6612E-004  -3.3598E-002   1.3277E-015  -3.6462E-003  -1.8530E-015  -6.3912E-016  -8.8173E-004   1.9442E-015   2.4942E-002  -2.8266E-015  -1.4111E-003  -1.3754E-002   1.7429E-002   7.9084E-002  
 1.6163E+000  -1.9207E-016  -1.4824E+000   5.1462E-002   2.5814E-016   1.2207E-001   4.3818E-002  -2.2454E-016  -1.8998E-001   7.1562E-016  -4.7208E-002  -1.5980E-002   1.0716E-016  -9.1027E-003  -2.8527E-016  -2.3472E-016  -2.0549E-002   4.5608E-016   4.3834E-002  -5.7144E-016  -3.1583E-003  -1.4416E-002   1.8946E-002   9.2142E-002  
 1.6494E+000  -2.0665E-001   1.4492E+000   4.5550E-002   4.1187E-002   1.4151E-001  -4.7491E-002   6.7540E-003   1.7913E-001  -8.1032E-002  -5.1083E-002  -1.3474E-002  -3.9255E-003  -8.0654E-003  -5.1661E-003  -3.1749E-003   2.2018E-002   1.8710E-002  -4.1356E-002  -2.1353E-003   2.4632E-003  -1.4443E-002   1.9091E-002   9.2737E-002  
 1.1701E+000  -2.6588E-001   1.5986E+000   1.0019E-001  -3.7232E-002  -1.0880E-001  -2.3992E-003   3.8494E-004   1.0487E-001  -5.6530E-002  -3.9327E-003  -3.1078E-002  -1.0655E-002  -3.1652E-003  -2.4807E-003  -3.7836E-004   2.0799E-003   1.2436E-002  -2.3092E-002  -1.1678E-003   1.0704E-003  -1.3759E-002   1.7574E-002   8.0433E-002  
 6.7433E-001  -3.1217E-001   1.5647E+000   1.0429E-001  -8.3387E-002  -2.0063E-001   2.2776E-002  -4.5508E-003   5.5532E-002  -3.7242E-002   2.8881E-002  -3.2409E-002  -1.3488E-002  -9.3527E-004  -9.6472E-004   1.5162E-003  -7.7249E-003   7.8334E-003  -1.1689E-002  -3.9701E-004   2.5438E-004  -1.5297E-002   1.4813E-002   8.7425E-002  
 1.9667E-001  -3.4746E-001   1.3920E+000   7.7906E-002  -1.0168E-001  -1.9095E-001   3.3095E-002  -8.2653E-003   2.4867E-002  -2.2438E-002   5.1247E-002  -2.5203E-002  -1.3439E-002  -2.4203E-004  -3.5818E-004   2.7131E-003  -1.0922E-002   4.7253E-003  -5.2539E-003  -9.3997E-005   4.7141E-005  -1.8363E-002   1.0671E-002   7.3020E-002  
-2.1944E-001  -3.7286E-001   1.1208E+000   3.8980E-002  -9.6943E-002  -1.2956E-001   3.2526E-002  -1.0824E-002   8.2606E-003  -1.1896E-002   6.6234E-002  -1.5472E-002  -1.1593E-002  -4.2972E-005  -1.2446E-004   3.6157E-003  -1.0883E-002   2.5589E-003  -1.7837E-003  -2.8249E-005   6.1327E-006  -2.0903E-002   7.0221E-003   5.0518E-002  
-5.4350E-001  -3.9001E-001   7.8234E-001   8.6677E-004  -7.4663E-002  -5.6268E-002   2.4983E-002  -1.2455E-002   9.0203E-004  -4.8877E-003   7.5862E-002  -6.3650E-003  -8.4558E-003   2.3966E-006  -2.8619E-005   4.2547E-003  -8.5378E-003   1.0740E-003  -2.0282E-004  -5.8186E-006   2.0343E-006  -2.2776E-002   4.3646E-003   3.1942E-002  
-7.5021E-001  -3.9995E-001   3.9995E-001  -2.6400E-002  -4.0246E-002   2.9825E-012   1.3356E-002  -1.3356E-002  -8.6722E-004  -8.6722E-004   8.1256E-002   9.4605E-012  -4.4301E-003  -9.8125E-007   1.0280E-011   4.6298E-003  -4.6298E-003   1.9168E-004   1.9168E-004  -2.2968E-006   2.2968E-006  -2.3947E-002   2.8479E-003   1.9283E-002  
-8.2047E-001  -4.0317E-001  -2.7576E-015  -3.6136E-002  -9.9981E-017   2.0624E-002  -3.7517E-015  -1.3639E-002   4.0454E-015   4.2744E-004   8.2969E-002   2.2476E-003   9.4700E-016  -6.8540E-006  -1.6232E-015   4.7520E-003  -3.1818E-015  -9.8433E-005   3.1709E-015  -2.5089E-006  -3.1363E-015  -2.4343E-002   2.4107E-003   1.5240E-002  
-7.5021E-001  -3.9995E-001  -3.9995E-001  -2.6400E-002   4.0246E-002   2.9834E-012  -1.3356E-002  -1.3356E-002   8.6722E-004  -8.6722E-004   8.1256E-002   9.4615E-012   4.4301E-003  -9.8125E-007  -1.0278E-011   4.6298E-003   4.6298E-003   1.9168E-004  -1.9168E-004  -2.2968E-006  -2.2968E-006  -2.3947E-002   2.8479E-003   1.9283E-002  
-5.4350E-001  -3.9001E-001  -7.8234E-001   8.6677E-004   7.4663E-002  -5.6268E-002  -2.4983E-002  -1.2455E-002  -9.0203E-004  -4.8877E-003   7.5862E-002  -6.3650E-003   8.4558E-003   2.3966E-006   2.8619E-005   4.2547E-003   8.5378E-003   1.0740E-003   2.0282E-004  -5.8186E-006  -2.0343E-006  -2.2776E-002   4.3646E-003   3.1942E-002  
-2.1944E-001  -3.7286E-001  -1.1208E+000   3.8980E-002   9.6943E-002  -1.2956E-001  -3.2526E-002  -1.0824E-002  -8.2606E-003  -1.1896E-002   6.6234E-002  -1.5472E-002   1.1593E-002  -4.2972E-005   1.2446E-004   3.6157E-003   1.0883E-002   2.5589E-003   1.7837E-003  -2.8249E-005  -6.1327E-006  -2.0903E-002   7.0221E-003   5.0518E-002  
 1.9667E-001  -3.4746E-001  -1.3920E+000   7.7906E-002   1.0168E-001  -1.9095E-001  -3.3095E-002  -8.2653E-003  -2.4867E-002  -2.2438E-002   5.1247E-002  -2.5203E-002   1.3439E-002  -2.4203E-004   3.5818E-004   2.7131E-003   1.0922E-002   4.7253E-003   5.2539E-003  -9.3997E-005  -4.7141E-005  -1.8363E-002   1.0671E-002   7.3020E-002  
 6.7433E-001  -3.1217E-001  -1.5647E+000   1.0429E-001   8.3387E-002  -2.0063E-001  -2.2776E-002  -4.5508E-003  -5.5532E-002  -3.7242E-002   2.8881E-002  -3.2409E-002   1.3488E-002  -9.3527E-004   9.6472E-004   1.5162E-003   7.7249E-003   7.8334E-003   1.1689E-002  -3.9701E-004  -2.5438E-004  -1.5297E-002   1.4813E-002   8.7425E-002  
 1.1701E+000  -2.6588E-001  -1.5986E+000   1.0019E-001   3.7232E-002  -1.0880E-001   2.3992E-003   3.8494E-004  -1.0487E-001  -5.6530E-002  -3.9327E-003  -3.1078E-002   1.0655E-002  -3.1652E-003   2.4807E-003  -3.7836E-004  -2.0799E-003   1.2436E-002   2.3092E-002  -1.1678E-003  -1.0704E-003  -1.3759E-002   1.7574E-002   8.0433E-002  
 1.6494E+000  -2.0665E-001  -1.4492E+000   4.5550E-002  -4.1187E-002   1.4151E-001   4.7491E-002   6.7540E-003  -1.7913E-001  -8.1032E-002  -5.1083E-002  -1.3474E-002   3.9255E-003  -8.0654E-003   5.1661E-003  -3.1749E-003  -2.2018E-002   1.8710E-002   4.1356E-002  -2.1353E-003  -2.4632E-003  -1.4443E-002   1.9091E-002   9.2737E-002  
 1.7459E+000  -3.8548E-001   1.3477E+000   2.5819E-002   1.2114E-001   1.9445E-001  -5.8825E-002   1.6807E-002   1.4579E-001  -1.6121E-001  -6.3092E-002  -6.3652E-003  -3.9688E-003  -4.7913E-003  -9.8631E-003  -7.6416E-003   2.6596E-002   3.7240E-002  -3.3659E-002  -3.3920E-003   6.0596E-004  -1.4665E-002   1.9454E-002   9.4938E-002  
 1.2910E+000  -5.0667E-001   1.5187E+000   9.2101E-002  -4.0515E-002  -5.3930E-002  -1.0818E-002   3.6045E-003   7.7017E-002  -1.1141E-001  -1.4191E-002  -2.3911E-002  -1.7999E-002  -1.4414E-003  -5.0494E-003  -1.9995E-003   5.8959E-003   2.4990E-002  -1.7278E-002  -2.1275E-003  -9.9365E-005  -1.3844E-002   1.7944E-002   8.5043E-002  
 8.1907E-001  -6.0148E-001   1.5030E+000   1.0699E-001  -1.3821E-001  -1.4500E-001   1.6306E-002  -6.5380E-003   3.3204E-002  -7.2614E-002   2.0425E-002  -2.5722E-002  -2.4554E-002  -8.5123E-005  -2.0084E-003   2.0792E-003  -5.2514E-003   1.5571E-002  -7.1123E-003  -7.6598E-004  -2.5199E-004  -1.4720E-002   1.5709E-002   8.4976E-002  
 3.6321E-001  -6.7398E-001   1.3460E+000   8.9678E-002  -1.8042E-001  -1.3497E-001   2.8307E-002  -1.4177E-002   7.7172E-003  -4.2895E-002   4.4188E-002  -1.8850E-002  -2.5239E-002   1.7216E-004  -6.0788E-004   4.7011E-003  -9.4056E-003   8.9788E-003  -1.6274E-003  -1.0128E-004  -7.8002E-005  -1.7263E-002   1.2197E-002   8.0774E-002  
-3.4824E-002  -7.2638E-001   1.0885E+000   5.7773E-002  -1.7653E-001  -7.3357E-002   2.9310E-002  -1.9561E-002  -4.2415E-003  -2.1504E-002   6.0003E-002  -9.1028E-003  -2.1935E-002   1.5861E-004  -1.6639E-004   6.4761E-003  -9.7150E-003   4.5724E-003   8.9720E-004  -1.4339E-005  -3.7987E-005  -1.9822E-002   8.6292E-003   6.0115E-002  
-3.4529E-001  -7.6179E-001   7.6179E-001   2.4912E-002  -1.3767E-001   3.9099E-013   2.3054E-002  -2.3054E-002  -7.2666E-003  -7.2666E-003   7.0153E-002   9.7554E-013  -1.6100E-002   7.2952E-005   3.0388E-012   7.7753E-003  -7.7753E-003   1.5793E-003   1.5793E-003   5.8050E-006  -5.8050E-006  -2.1628E-002   5.9747E-003   4.2937E-002  
-5.4350E-001  -7.8234E-001   3.9001E-001   8.6677E-004  -7.4663E-002   5.6268E-002   1.2455E-002  -2.4983E-002  -4.8877E-003   9.0203E-004   7.5862E-002   6.3650E-003  -8.4558E-003   2.3966E-006   2.8619E-005   8.5378E-003  -4.2547E-003  -2.0282E-004   1.0740E-003  -2.0342E-006   5.8186E-006  -2.2776E-002   4.3646E-003   3.1942E-002  
-6.1091E-001  -7.8900E-001   3.8571E-015  -7.7910E-003  -4.7537E-015   7.6884E-002   7.4500E-015  -2.5594E-002  -6.0638E-015   3.5338E-003   7.7679E-002   8.6117E-003  -1.2452E-015  -2.4052E-005   4.1218E-015   8.7882E-003   9.5419E-015  -7.8549E-004  -8.7212E-015  -7.0499E-006   6.6838E-015  -2.3160E-002   3.8419E-003   2.9519E-002  
-5.4350E-001  -7.8234E-001  -3.9001E-001   8.6677E-004   7.4663E-002   5.6268E-002  -1.2455E-002  -2.4983E-002   4.8877E-003   9.0203E-004   7.5862E-002   6.3650E-003   8.4558E-003   2.3966E-006  -2.8619E-005   8.5378E-003   4.2547E-003  -2.0282E-004  -1.0740E-003  -2.0342E-006  -5.8186E-006  -2.2776E-002   4.3646E-003   3.1942E-002  
-3.4529E-001  -7.6179E-001  -7.6179E-001   2.4912E-002   1.3767E-001   3.8592E-013  -2.3054E-002  -2.3054E-002   7.2666E-003  -7.2666E-003   7.0153E-002   9.7903E-013   1.6100E-002   7.2952E-005  -3.0382E-012   7.7753E-003   7.7753E-003   1.5793E-003  -1.5793E-003   5.8050E-006   5.8050E-006  -2.1628E-002   5.9747E-003   4.2937E-002  
-3.4824E-002  -7.2638E-001  -1.0885E+000   5.7773E-002   1.7653E-001  -7.3357E-002  -2.9310E-002  -1.9561E-002   4.2415E-003  -2.1504E-002   6.0003E-002  -9.1028E-003   2.1935E-002   1.5861E-004   1.6639E-004   6.4761E-003   9.7150E-003   4.5724E-003  -8.9720E-004  -1.4339E-005   3.7987E-005  -1.9822E-002   8.6292E-003   6.0115E-002  
 3.6321E-001  -6.7398E-001  -1.3460E+000   8.9678E-002   1.8042E-001  -1.3497E-001  -2.8307E-002  -1.4177E-002  -7.7172E-003  -4.2895E-002   4.4188E-002  -1.8850E-002   2.5239E-002   1.7216E-004   6.0788E-004   4.7011E-003   9.4056E-003   8.9788E-003   1.6274E-003  -1.0128E-004   7.8002E-005  -1.7263E-002   1.2197E-002   8.0774E-002  
 8.1907E-001  -6.0148E-001  -1.5030E+000   1.0699E-001   1.3821E-001  -1.4500E-001  -1.6306E-002  -6.5380E-003  -3.3204E-002  -7.2614E-002   2.0425E-002  -2.5722E-002   2.4554E-002  -8.5123E-005   2.0084E-003   2.0792E-003   5.2514E-003   1.5571E-002   7.1123E-003  -7.6598E-004   2.5199E-004  -1.4720E-002   1.5709E-002   8.4976E-002  
 1.2910E+000  -5.0667E-001  -1.5187E+000   9.2101E-002   4.0515E-002  -5.3930E-002   1.0818E-002   3.6045E-003  -7.7017E-002  -1.1141E-001  -1.4191E-002  -2.3911E-002   1.7999E-002  -1.4414E-003   5.0494E-003  -1.9995E-003  -5.8959E-003   2.4990E-002   1.7278E-002  -2.1275E-003   9.9365E-005  -1.3844E-002   1.7944E-002   8.5043E-002  
 1.7459E+000  -3.8548E-001  -1.3477E+000   2.5819E-002  -1.2114E-001   1.9445E-001   5.8825E-002   1.6807E-002  -1.4579E-001  -1.6121E-001  -6.3092E-002  -6.3652E-003   3.9688E-003  -4.7913E-003   9.8631E-003  -7.6416E-003  -2.6596E-002   3.7240E-002   3.3659E-002  -3.3920E-003  -6.0596E-004  -1.4665E-002   1.9454E-002   9.4938E-002  
 1.8911E+000  -5.0620E-001   1.1810E+000  -1.7184E-002   2.8029E-001   2.6691E-001  -7.3215E-002   3.1379E-002   8.6975E-002  -2.3385E-001  -8.5972E-002   6.4984E-003   6.8331E-003   8.2493E-004  -1.6294E-002  -1.5652E-002   3.6384E-002   5.7125E-002  -2.1267E-002  -4.6391E-003  -2.2500E-003  -1.5162E-002   2.0243E-002   1.1097E-001  
 1.4781E+000  -6.9127E-001   1.3827E+000   7.2459E-002   2.3398E-002   1.7570E-002  -2.5384E-002   1.2685E-002   2.9493E-002  -1.6194E-001  -3.2143E-002  -1.3846E-002  -1.8491E-002   2.1153E-003  -7.1297E-003  -6.2178E-003   1.2344E-002   3.7116E-002  -6.7527E-003  -2.0656E-003  -1.9488E-003  -1.4130E-002   1.8529E-002   8.8930E-002  
 1.0442E+000  -8.3808E-001   1.3975E+000   1.0515E-001  -1.3566E-001  -7.2409E-002   4.9862E-003  -3.0024E-003  -5.1714E-003  -1.0355E-001   5.5577E-003  -1.6294E-002  -3.0572E-002   1.7581E-003  -2.6132E-003   5.8258E-004  -1.0129E-003   2.2544E-002   1.1133E-003  -5.3937E-004  -1.1223E-003  -1.3954E-002   1.7013E-002   7.9861E-002  
 6.2298E-001  -9.5089E-001   1.2673E+000   1.0265E-001  -2.1233E-001  -6.1822E-002   1.9956E-002  -1.4977E-002  -2.2087E-002  -5.8609E-002   3.1645E-002  -9.7170E-003  -3.3401E-002   9.7530E-004  -6.0521E-004   5.0935E-003  -6.8074E-003   1.2244E-002   4.6101E-003   2.9674E-005  -3.3038E-004  -1.5564E-002   1.4482E-002   8.7628E-002  
 2.5383E-001  -1.0329E+000   1.0329E+000   8.2218E-002  -2.2036E-001   4.0932E-012   2.3631E-002  -2.3631E-002  -2.6017E-002  -2.6017E-002   4.8895E-002  -8.2728E-013  -2.9660E-002   4.8439E-004   4.5477E-012   7.8007E-003  -7.8007E-003   5.4651E-003   5.4651E-003   7.0795E-005  -7.0795E-005  -1.7993E-002   1.1211E-002   7.4942E-002  
-3.4824E-002  -1.0885E+000   7.2638E-001   5.7773E-002  -1.7653E-001   7.3357E-002   1.9561E-002  -2.9310E-002  -2.1504E-002  -4.2415E-003   6.0003E-002   9.1028E-003  -2.1935E-002   1.5861E-004   1.6639E-004   9.7150E-003  -6.4761E-003   8.9720E-004   4.5724E-003   3.7987E-005   1.4339E-005  -1.9822E-002   8.6292E-003   6.0115E-002  
-2.1944E-001  -1.1208E+000   3.7286E-001   3.8980E-002  -9.6943E-002   1.2956E-001   1.0824E-002  -3.2526E-002  -1.1896E-002   8.2606E-003   6.6234E-002   1.5472E-002  -1.1593E-002  -4.2972E-005   1.2446E-004   1.0883E-002  -3.6157E-003  -1.7837E-003   2.5589E-003  -6.1327E-006   2.8249E-005  -2.0903E-002   7.0221E-003   5.0518E-002  
-2.8228E-001  -1.1313E+000   1.4026E-015   3.2075E-002  -1.8314E-015   1.5015E-001   2.3837E-015  -3.3549E-002  -1.2545E-015   1.2291E-002   6.8220E-002   1.7723E-002   6.8993E-016  -1.0877E-004   1.5584E-015   1.1275E-002   3.7455E-015  -2.6659E-003  -2.4298E-015  -2.4583E-005   6.2972E-016  -2.1269E-002   6.4856E-003   4.8819E-002  
-2.1944E-001  -1.1208E+000  -3.7286E-001   3.8980E-002   9.6943E-002   1.2956E-001  -1.0824E-002  -3.2526E-002   1.1896E-002   8.2606E-003   6.6234E-002   1.5472E-002   1.1593E-002  -4.2972E-005  -1.2446E-004   1.0883E-002   3.6157E-003  -1.7837E-003  -2.5589E-003  -6.1327E-006  -2.8249E-005  -2.0903E-002   7.0221E-003   5.0518E-002  
-3.4824E-002  -1.0885E+000  -7.2638E-001   5.7773E-002   1.7653E-001   7.3357E-002  -1.9561E-002  -2.9310E-002   2.1504E-002  -4.2415E-003   6.0003E-002   9.1028E-003   2.1935E-002   1.5861E-004  -1.6639E-004   9.7150E-003   6.4761E-003   8.9720E-004  -4.5724E-003   3.7987E-005  -1.4339E-005  -1.9822E-002   8.6292E-003   6.0115E-002  
 2.5383E-001  -1.0329E+000  -1.0329E+000   8.2218E-002   2.2036E-001   4.0947E-012  -2.3631E-002  -2.3631E-002   2.6017E-002  -2.6017E-002   4.8895E-002  -8.2776E-013   2.9660E-002   4.8439E-004  -4.5487E-012   7.8007E-003   7.8007E-003   5.4651E-003  -5.4651E-003   7.0795E-005   7.0795E-005  -1.7993E-002   1.1211E-002   7.4942E-002  
 6.2298E-001  -9.5089E-001  -1.2673E+000   1.0265E-001   2.1233E-001  -6.1822E-002  -1.9956E-002  -1.4977E-002   2.2087E-002  -5.8609E-002   3.1645E-002  -9.7170E-003   3.3401E-002   9.7530E-004   6.0521E-004   5.0935E-003   6.8074E-003   1.2244E-002  -4.6101E-003   2.9674E-005   3.3038E-004  -1.5564E-002   1.4482E-002   8.7628E-002  
 1.0442E+000  -8.3808E-001  -1.3975E+000   1.0515E-001   1.3566E-001  -7.2409E-002  -4.9862E-003  -3.0024E-003   5.1714E-003  -1.0355E-001   5.5577E-003  -1.6294E-002   3.0572E-002   1.7581E-003   2.6132E-003   5.8258E-004   1.0129E-003   2.2544E-002  -1.1133E-003  -5.3937E-004   1.1223E-003  -1.3954E-002   1.7013E-002   7.9861E-002  
 1.4781E+000  -6.9127E-001  -1.3827E+000   7.2459E-002  -2.3398E-002   1.7570E-002   2.5384E-002   1.2685E-002  -2.9493E-002  -1.6194E-001  -3.2143E-002  -1.3846E-002   1.8491E-002   2.1153E-003   7.1297E-003  -6.2178E-003  -1.2344E-002   3.7116E-002   6.7527E-003  -2.0656E-003   1.9488E-003  -1.4130E-002   1.8529E-002   8.8930E-002  
 1.8911E+000  -5.0620E-001  -1.1810E+000  -1.7184E-002  -2.8029E-001   2.6691E-001   7.3215E-002   3.1379E-002  -8.6975E-002  -2.3385E-001  -8.5972E-002   6.4984E-003  -6.8331E-003   8.2493E-004   1.6294E-002  -1.5652E-002  -3.6384E-002   5.7125E-002   2.1267E-002  -4.6391E-003   2.2500E-003  -1.5162E-002   2.0243E-002   1.1097E-001  
 2.0009E+000  -5.8690E-001   1.0280E+000  -1.4992E-001   6.1827E-001   3.6511E-001  -4.1756E-002   2.4017E-002   3.1929E-003  -2.5851E-001  -1.4342E-001   3.5797E-002   6.0366E-002   1.7252E-002  -3.1648E-002  -4.0781E-002   7.1392E-002   8.0998E-002  -1.2233E-003  -3.7857E-003  -6.0279E-003  -1.7642E-002   1.6389E-002   9.7043E-002  
 1.7142E+000  -7.8934E-001   1.1847E+000   3.2630E-002   1.8545E-001   7.7384E-002  -4.7155E-002   3.1405E-002  -4.0200E-002  -2.0645E-001  -5.9127E-002  -3.7780E-003  -9.0243E-003   7.3846E-003  -7.4527E-003  -1.4384E-002   2.1503E-002   4.7634E-002   9.2822E-003  -7.0224E-004  -3.3003E-003  -1.4670E-002   1.9328E-002   9.4161E-002  
 1.3294E+000  -9.9416E-001   1.2438E+000   8.8755E-002  -4.8763E-002  -1.1039E-002  -1.1385E-002   9.0758E-003  -6.1560E-002  -1.2683E-001  -1.7701E-002  -6.3591E-003  -2.8031E-002   5.1514E-003  -2.4453E-003  -4.8384E-003   6.0066E-003   2.8615E-002   1.3925E-002   5.2461E-004  -2.2349E-003  -1.3943E-002   1.8051E-002   8.7413E-002  
 9.5377E-001  -1.1520E+000   1.1520E+000   1.0682E-001  -1.7569E-001   3.1365E-012   7.7911E-003  -7.7911E-003  -6.6145E-002  -6.6145E-002   1.1756E-002  -1.8714E-012  -3.5280E-002   2.6311E-003  -2.6794E-013   2.1760E-003  -2.1760E-003   1.4317E-002   1.4317E-002   7.2806E-004  -7.2806E-004  -1.4288E-002   1.6489E-002   8.2130E-002  
 6.2298E-001  -1.2673E+000   9.5089E-001   1.0265E-001  -2.1233E-001   6.1822E-002   1.4977E-002  -1.9956E-002  -5.8609E-002  -2.2087E-002   3.1645E-002   9.7170E-003  -3.3401E-002   9.7530E-004   6.0521E-004   6.8074E-003  -5.0935E-003   4.6101E-003   1.2244E-002   3.3038E-004  -2.9674E-005  -1.5564E-002   1.4482E-002   8.7628E-002  
 3.6321E-001  -1.3460E+000   6.7398E-001   8.9678E-002  -1.8042E-001   1.3497E-001   1.4177E-002  -2.8307E-002  -4.2895E-002   7.7172E-003   4.4188E-002   1.8850E-002  -2.5239E-002   1.7216E-004   6.0788E-004   9.4056E-003  -4.7011E-003  -1.6274E-003   8.9788E-003   7.8002E-005   1.0128E-004  -1.7263E-002   1.2197E-002   8.0774E-002  
 1.9667E-001  -1.3920E+000   3.4746E-001   7.7906E-002  -1.0168E-001   1.9095E-001   8.2653E-003  -3.3095E-002  -2.2438E-002   2.4867E-002   5.1247E-002   2.5203E-002  -1.3439E-002  -2.4203E-004   3.5818E-004   1.0922E-002  -2.7131E-003  -5.2539E-003   4.7253E-003  -4.7141E-005   9.3997E-005  -1.8363E-002   1.0671E-002   7.3020E-002  
 1.3992E-001  -1.4069E+000   3.3901E-016   7.3358E-002  -2.3075E-015   2.1145E-001   1.2878E-015  -3.4627E-002  -2.8861E-015   3.0395E-002   5.3491E-002   2.7450E-002   2.1944E-015  -3.7510E-004   7.6683E-016   1.1432E-002   1.5471E-016  -6.4377E-003   5.4195E-016  -9.0725E-005   1.6600E-015  -1.8724E-002   1.0155E-002   7.2406E-002  
 1.9667E-001  -1.3920E+000  -3.4746E-001   7.7906E-002   1.0168E-001   1.9095E-001  -8.2653E-003  -3.3095E-002   2.2438E-002   2.4867E-002   5.1247E-002   2.5203E-002   1.3439E-002  -2.4203E-004  -3.5818E-004   1.0922E-002   2.7131E-003  -5.2539E-003  -4.7253E-003  -4.7141E-005  -9.3997E-005  -1.8363E-002   1.0671E-002   7.3020E-002  
 3.6321E-001  -1.3460E+000  -6.7398E-001   8.9678E-002   1.8042E-001   1.3497E-001  -1.4177E-002  -2.8307E-002   4.2895E-002   7.7172E-003   4.4188E-002   1.8850E-002   2.5239E-002   1.7216E-004  -6.0788E-004   9.4056E-003   4.7011E-003  -1.6274E-003  -8.9788E-003   7.8002E-005  -1.0128E-004  -1.7263E-002   1.2197E-002   8.0774E-002  
 6.2298E-001  -1.2673E+000  -9.5089E-001   1.0265E-001   2.1233E-001   6.1822E-002  -1.4977E-002  -1.9956E-002   5.8609E-002  -2.2087E-002   3.1645E-002   9.7170E-003   3.3401E-002   9.7530E-004  -6.0521E-004   6.8074E-003   5.0935E-003   4.6101E-003  -1.2244E-002   3.3038E-004   2.9674E-005  -1.5564E-002   1.4482E-002   8.7628E-002  
 9.5377E-001  -1.1520E+000  -1.1520E+000   1.0682E-001   1.7569E-001   3.1358E-012  -7.7911E-003  -7.7911E-003   6.6145E-002  -6.6145E-002   1.1756E-002  -1.8664E-012   3.5280E-002   2.6311E-003   2.6839E-013   2.1760E-003   2.1760E-003   1.4317E-002  -1.4317E-002   7.2806E-004   7.2806E-004  -1.4288E-002   1.6489E-002   8.2130E-002  
 1.3294E+000  -9.9416E-001  -1.2438E+000   8.8755E-002   4.8763E-002  -1.1039E-002   1.1385E-002   9.0758E-003   6.1560E-002  -1.2683E-001  -1.7701E-002  -6.3591E-003   2.8031E-002   5.1514E-003   2.4453E-003  -4.8384E-003  -6.0066E-003   2.8615E-002  -1.3925E-002   5.2461E-004   2.2349E-003  -1.3943E-002   1.8051E-002   8.7413E-002  
 1.7142E+000  -7.8934E-001  -1.1847E+000   3.2630E-002  -1.8545E-001   7.7384E-002   4.7155E-002   3.1405E-002   4.0200E-002  -2.0645E-001  -5.9127E-002  -3.7780E-003   9.0243E-003   7.3846E-003   7.4527E-003  -1.4384E-002  -2.1503E-002   4.7634E-002  -9.2822E-003  -7.0224E-004   3.3003E-003  -1.4670E-002   1.9328E-002   9.4161E-002  
 2.0009E+000  -5.8690E-001  -1.0280E+000  -1.4992E-001  -6.1827E-001   3.6511E-001   4.1756E-002   2.4017E-002  -3.1929E-003  -2.5851E-001  -1.4342E-001   3.5797E-002  -6.0366E-002   1.7252E-002   3.1648E-002  -4.0781E-002  -7.1392E-002   8.0998E-002   1.2233E-003  -3.7857E-003   6.0279E-003  -1.7642E-002   1.6389E-002   9.7043E-002  
 1.3294E+000  -1.2438E+000   9.9416E-001   8.8755E-002  -4.8763E-002   1.1039E-002  -9.0758E-003   1.1385E-002  -1.2683E-001  -6.1560E-002  -1.7701E-002   6.3591E-003  -2.8031E-002   5.1514E-003   2.4453E-003  -6.0066E-003   4.8384E-003   1.3925E-002   2.8615E-002   2.2349E-003  -5.2461E-004  -1.3943E-002   1.8051E-002   8.7413E-002  
 1.0442E+000  -1.3975E+000   8.3808E-001   1.0515E-001  -1.3566E-001   7.2409E-002   3.0024E-003  -4.9862E-003  -1.0355E-001  -5.1714E-003   5.5577E-003   1.6294E-002  -3.0572E-002   1.7581E-003   2.6132E-003   1.0129E-003  -5.8258E-004   1.1133E-003   2.2544E-002   1.1223E-003   5.3937E-004  -1.3954E-002   1.7013E-002   7.9861E-002  
 8.1907E-001  -1.5030E+000   6.0148E-001   1.0699E-001  -1.3821E-001   1.4500E-001   6.5380E-003  -1.6306E-002  -7.2614E-002   3.3204E-002   2.0425E-002   2.5722E-002  -2.4554E-002  -8.5123E-005   2.0084E-003   5.2514E-003  -2.0792E-003  -7.1123E-003   1.5571E-002   2.5199E-004   7.6598E-004  -1.4720E-002   1.5709E-002   8.4976E-002  
 6.7433E-001  -1.5647E+000   3.1217E-001   1.0429E-001  -8.3387E-002   2.0063E-001   4.5508E-003  -2.2776E-002  -3.7242E-002   5.5532E-002   2.8881E-002   3.2409E-002  -1.3488E-002  -9.3527E-004   9.6472E-004   7.7249E-003  -1.5162E-003  -1.1689E-002   7.8334E-003  -2.5438E-004   3.9701E-004  -1.5297E-002   1.4813E-002   8.7425E-002  
 6.2491E-001  -1.5848E+000   5.0732E-015   1.0271E-001  -1.1512E-015   2.2099E-001   3.4276E-015  -2.4892E-002  -6.2430E-015   6.2755E-002   3.1543E-002   3.4747E-002  -1.8441E-015  -1.1468E-003   1.5957E-015   8.4819E-003   4.9616E-015  -1.3159E-002  -4.9583E-015  -3.3712E-004   2.7326E-015  -1.5572E-002   1.4455E-002   8.8630E-002  
 6.7433E-001  -1.5647E+000  -3.1217E-001   1.0429E-001   8.3387E-002   2.0063E-001  -4.5508E-003  -2.2776E-002   3.7242E-002   5.5532E-002   2.8881E-002   3.2409E-002   1.3488E-002  -9.3527E-004  -9.6472E-004   7.7249E-003   1.5162E-003  -1.1689E-002  -7.8334E-003  -2.5438E-004  -3.9701E-004  -1.5297E-002   1.4813E-002   8.7425E-002  
 8.1907E-001  -1.5030E+000  -6.0148E-001   1.0699E-001   1.3821E-001   1.4500E-001  -6.5380E-003  -1.6306E-002   7.2614E-002   3.3204E-002   2.0425E-002   2.5722E-002   2.4554E-002  -8.5123E-005  -2.0084E-003   5.2514E-003   2.0792E-003  -7.1123E-003  -1.5571E-002   2.5199E-004  -7.6598E-004  -1.4720E-002   1.5709E-002   8.4976E-002  
 1.0442E+000  -1.3975E+000  -8.3808E-001   1.0515E-001   1.3566E-001   7.2409E-002  -3.0024E-003  -4.9862E-003   1.0355E-001  -5.1714E-003   5.5577E-003   1.6294E-002   3.0572E-002   1.7581E-003  -2.6132E-003   1.0129E-003   5.8258E-004   1.1133E-003  -2.2544E-002   1.1223E-003  -5.3937E-004  -1.3954E-002   1.7013E-002   7.9861E-002  
 1.3294E+000  -1.2438E+000  -9.9416E-001   8.8755E-002   4.8763E-002   1.1039E-002   9.0758E-003   1.1385E-002   1.2683E-001  -6.1560E-002  -1.7701E-002   6.3591E-003   2.8031E-002   5.1514E-003  -2.4453E-003  -6.0066E-003  -4.8384E-003   1.3925E-002  -2.8615E-002   2.2349E-003   5.2461E-004  -1.3943E-002   1.8051E-002   8.7413E-002  
 1.7142E+000  -1.1847E+000   7.8934E-001   3.2630E-002   1.8545E-001  -7.7384E-002  -3.1405E-002   4.7155E-002  -2.0645E-001  -4.0200E-002  -5.9127E-002   3.7780E-003  -9.0243E-003   7.3846E-003   7.4527E-003  -2.1503E-002   1.4384E-002   9.2822E-003   4.7634E-002   3.3003E-003   7.0224E-004  -1.4670E-002   1.9328E-002   9.4161E-002  
 1.4781E+000  -1.3827E+000   6.9127E-001   7.2459E-002   2.3398E-002  -1.7570E-002  -1.2685E-002   2.5384E-002  -1.6194E-001   2.9493E-002  -3.2143E-002   1.3846E-002  -1.8491E-002   2.1153E-003   7.1297E-003  -1.2344E-002   6.2178E-003  -6.7527E-003   3.7116E-002   1.9488E-003   2.0656E-003  -1.4130E-002   1.8529E-002   8.8930E-002  
 1.2910E+000  -1.5187E+000   5.0667E-001   9.2101E-002  -4.0515E-002   5.3930E-002  -3.6045E-003   1.0818E-002  -1.1141E-001   7.7017E-002  -1.4191E-002   2.3911E-002  -1.7999E-002  -1.4414E-003   5.0494E-003  -5.8959E-003   1.9995E-003  -1.7278E-002   2.4990E-002   9.9365E-005   2.1275E-003  -1.3844E-002   1.7944E-002   8.5043E-002  
 1.1701E+000  -1.5986E+000   2.6588E-001   1.0019E-001  -3.7232E-002   1.0880E-001  -3.8494E-004   2.3992E-003  -5.6530E-002   1.0487E-001  -3.9327E-003   3.1078E-002  -1.0655E-002  -3.1652E-003   2.4807E-003  -2.0799E-003   3.7836E-004  -2.3092E-002   1.2436E-002  -1.0704E-003   1.1678E-003  -1.3759E-002   1.7574E-002   8.0433E-002  
 1.1288E+000  -1.6247E+000  -7.5022E-015   1.0222E-001   1.4010E-015   1.2888E-001  -2.7149E-015  -3.5846E-004   7.5230E-015   1.1392E-001  -6.6612E-004   3.3598E-002   2.4098E-015  -3.6462E-003  -4.5007E-015  -8.8173E-004  -6.5136E-015  -2.4942E-002   4.7107E-015  -1.4111E-003  -5.0590E-015  -1.3754E-002   1.7429E-002   7.9084E-002  
 1.1701E+000  -1.5986E+000  -2.6588E-001   1.0019E-001   3.7232E-002   1.0880E-001   3.8494E-004   2.3992E-003   5.6530E-002   1.0487E-001  -3.9327E-003   3.1078E-002   1.0655E-002  -3.1652E-003  -2.4807E-003  -2.0799E-003  -3.7836E-004  -2.3092E-002  -1.2436E-002  -1.0704E-003  -1.1678E-003  -1.3759E-002   1.7574E-002   8.0433E-002  
 1.2910E+000  -1.5187E+000  -5.0667E-001   9.2101E-002   4.0515E-002   5.3930E-002   3.6045E-003   1.0818E-002   1.1141E-001   7.7017E-002  -1.4191E-002   2.3911E-002   1.7999E-002  -1.4414E-003  -5.0494E-003  -5.8959E-003  -1.9995E-003  -1.7278E-002  -2.4990E-002   9.9365E-005  -2.1275E-003  -1.3844E-002   1.7944E-002   8.5043E-002  
 1.4781E+000  -1.3827E+000  -6.9127E-001   7.2459E-002  -2.3398E-002  -1.7570E-002   1.2685E-002   2.5384E-002   1.6194E-001   2.9493E-002  -3.2143E-002   1.3846E-002   1.8491E-002   2.1153E-003  -7.1297E-003  -1.2344E-002  -6.2178E-003  -6.7527E-003  -3.7116E-002   1.9488E-003  -2.0656E-003  -1.4130E-002   1.8529E-002   8.8930E-002  
 1.7142E+000  -1.1847E+000  -7.8934E-001   3.2630E-002  -1.8545E-001  -7.7384E-002   3.1405E-002   4.7155E-002   2.0645E-001  -4.0200E-002  -5.9127E-002   3.7780E-003   9.0243E-003   7.3846E-003  -7.4527E-003  -2.1503E-002  -1.4384E-002   9.2822E-003  -4.7634E-002   3.3003E-003  -7.0224E-004  -1.4670E-002   1.9328E-002   9.4161E-002  
 2.0009E+000  -1.0280E+000   5.8690E-001  -1.4992E-001   6.1827E-001  -3.6511E-001  -2.4017E-002   4.1756E-002  -2.5851E-001   3.1929E-003  -1.4342E-001  -3.5797E-002   6.0366E-002   1.7252E-002   3.1648E-002  -7.1392E-002   4.0781E-002  -1.2233E-003   8.0998E-002   6.0279E-003   3.7857E-003  -1.7642E-002   1.6389E-002   9.7043E-002  
 1.8911E+000  -1.1810E+000   5.0620E-001  -1.7184E-002   2.8029E-001  -2.6691E-001  -3.1379E-002   7.3215E-002  -2.3385E-001   8.6975E-002  -8.5972E-002  -6.4984E-003   6.8331E-003   8.2493E-004   1.6294E-002  -3.6384E-002   1.5652E-002  -2.1267E-002   5.7125E-002   2.2500E-003   4.6391E-003  -1.5162E-002   2.0243E-002   1.1097E-001  
 1.7459E+000  -1.3477E+000   3.8548E-001   2.5819E-002   1.2114E-001  -1.9445E-001  -1.6807E-002   5.8825E-002  -1.6121E-001   1.4579E-001  -6.3092E-002   6.3652E-003  -3.9688E-003  -4.7913E-003   9.8631E-003  -2.6596E-002   7.6416E-003  -3.3659E-002   3.7240E-002  -6.0596E-004   3.3920E-003  -1.4665E-002   1.9454E-002   9.4938E-002  
 1.6494E+000  -1.4492E+000   2.0665E-001   4.5550E-002   4.1187E-002  -1.4151E-001  -6.7540E-003   4.7491E-002  -8.1032E-002   1.7913E-001  -5.1083E-002   1.3474E-002  -3.9255E-003  -8.0654E-003   5.1661E-003  -2.2018E-002   3.1749E-003  -4.1356E-002   1.8710E-002  -2.4632E-003   2.1353E-003  -1.4443E-002   1.9091E-002   9.2737E-002  
 1.6163E+000  -1.4824E+000   2.5648E-016   5.1462E-002  -1.3579E-015  -1.2207E-001  -2.2874E-015   4.3818E-002  -2.8205E-015   1.8998E-001  -4.7208E-002   1.5980E-002  -1.3053E-015  -9.1027E-003   4.4948E-016  -2.0549E-002  -8.1811E-016  -4.3834E-002  -2.8925E-016  -3.1583E-003   7.5589E-016  -1.4416E-002   1.8946E-002   9.2142E-002  
 1.6494E+000  -1.4492E+000  -2.0665E-001   4.5550E-002  -4.1187E-002  -1.4151E-001   6.7540E-003   4.7491E-002   8.1032E-002   1.7913E-001  -5.1083E-002   1.3474E-002   3.9255E-003  -8.0654E-003  -5.1661E-003  -2.2018E-002  -3.1749E-003  -4.1356E-002  -1.8710E-002  -2.4632E-003  -2.1353E-003  -1.4443E-002   1.9091E-002   9.2737E-002  
 1.7459E+000  -1.3477E+000  -3.8548E-001   2.5819E-002  -1.2114E-001  -1.9445E-001   1.6807E-002   5.8825E-002   1.6121E-001   1.4579E-001  -6.3092E-002   6.3652E-003   3.9688E-003  -4.7913E-003  -9.8631E-003  -2.6596E-002  -7.6416E-003  -3.3659E-002  -3.7240E-002  -6.0596E-004  -3.3920E-003  -1.4665E-002   1.9454E-002   9.4938E-002  
 1.8911E+000  -1.1810E+000  -5.0620E-001  -1.7184E-002  -2.8029E-001  -2.6691E-001   3.1379E-002   7.3215E-002   2.3385E-001   8.6975E-002  -8.5972E-002  -6.4984E-003  -6.8331E-003   8.2493E-004  -1.6294E-002  -3.6384E-002  -1.5652E-002  -2.1267E-002  -5.7125E-002   2.2500E-003  -4.6391E-003  -1.5162E-002   2.0243E-002   1.1097E-001  
 2.0009E+000  -1.0280E+000  -5.8690E-001  -1.4992E-001  -6.1827E-001  -3.6511E-001   2.4017E-002   4.1756E-002   2.5851E-001   3.1929E-003  -1.4342E-001  -3.5797E-002  -6.0366E-002   1.7252E-002  -3.1648E-002  -7.1392E-002  -4.0781E-002  -1.2233E-003  -8.0998E-002   6.0279E-003  -3.7857E-003  -1.7642E-002   1.6389E-002   9.7043E-002  
