 1.0951E+000   5.1086E-001   2.9173E-001  -9.0135E-002  -2.6959E-001  -1.5913E-001  -1.7968E-002  -3.1397E-002  -1.6347E-001  -2.1491E-003  -8.8042E-002  -3.1712E-002  -5.3704E-002   1.1089E-002  -2.0192E-002   5.2847E-002   3.0211E-002   7.2766E-004   5.0552E-002  -3.7939E-003   2.3606E-003  -1.3829E-002   9.8767E-003   5.5269E-002  
 1.0173E+000   6.1172E-001   2.6219E-001  -9.4923E-003  -8.7766E-002  -8.3601E-002  -2.1084E-002  -4.9165E-002  -1.4831E-001  -5.5136E-002  -5.2597E-002  -1.5748E-002  -1.6519E-002   5.0169E-004  -1.0299E-002   3.1903E-002   1.3702E-002   1.3337E-002   3.5781E-002  -1.3303E-003   2.7667E-003  -1.2612E-002   1.2075E-002   6.5477E-002  
 9.1961E-001   7.2063E-001   2.0611E-001   1.6016E-002  -1.7864E-002  -2.8672E-002  -1.1152E-002  -3.9028E-002  -1.0236E-001  -9.2563E-002  -3.8189E-002  -9.0926E-003  -5.6617E-003  -3.0205E-003  -6.2129E-003   2.5835E-002   7.4094E-003   2.1083E-002   2.3325E-002   3.5643E-004   1.9948E-003  -1.2331E-002   1.1550E-002   5.4698E-002  
 8.5516E-001   7.8714E-001   1.1224E-001   2.7447E-002   2.9124E-003   9.9983E-003  -4.4248E-003  -3.1102E-002  -5.1459E-002  -1.1376E-001  -3.0664E-002  -5.5755E-003  -1.6210E-003  -5.0929E-003  -3.2603E-003   2.3056E-002   3.3087E-003   2.5931E-002   1.1731E-002   1.4498E-003   1.2566E-003  -1.2219E-002   1.1321E-002   5.3468E-002  
 8.3317E-001   8.0889E-001  -2.2209E-015   3.0858E-002  -5.5143E-016   2.3976E-002   1.3335E-015  -2.8529E-002  -7.1160E-016  -1.2065E-001  -2.8233E-002  -4.3159E-003  -3.1541E-015  -5.7537E-003  -8.8409E-016   2.2163E-002  -2.4289E-015   2.7496E-002  -1.9963E-015   1.8599E-003  -2.5293E-015  -1.2209E-002   1.1230E-002   5.3008E-002  
 8.5516E-001   7.8714E-001  -1.1224E-001   2.7447E-002  -2.9124E-003   9.9983E-003   4.4248E-003  -3.1102E-002   5.1459E-002  -1.1376E-001  -3.0664E-002  -5.5755E-003   1.6210E-003  -5.0929E-003   3.2603E-003   2.3056E-002  -3.3087E-003   2.5931E-002  -1.1731E-002   1.4498E-003  -1.2566E-003  -1.2219E-002   1.1321E-002   5.3468E-002  
 9.1961E-001   7.2063E-001  -2.0611E-001   1.6016E-002   1.7864E-002  -2.8672E-002   1.1152E-002  -3.9028E-002   1.0236E-001  -9.2563E-002  -3.8189E-002  -9.0926E-003   5.6617E-003  -3.0205E-003   6.2129E-003   2.5835E-002  -7.4094E-003   2.1083E-002  -2.3325E-002   3.5643E-004  -1.9948E-003  -1.2331E-002   1.1550E-002   5.4698E-002  
 1.0173E+000   6.1172E-001  -2.6219E-001  -9.4923E-003   8.7766E-002  -8.3601E-002   2.1084E-002  -4.9165E-002   1.4831E-001  -5.5136E-002  -5.2597E-002  -1.5748E-002   1.6519E-002   5.0169E-004   1.0299E-002   3.1903E-002  -1.3702E-002   1.3337E-002  -3.5781E-002  -1.3303E-003  -2.7667E-003  -1.2612E-002   1.2075E-002   6.5477E-002  
 1.0951E+000   5.1086E-001  -2.9173E-001  -9.0135E-002   2.6959E-001  -1.5913E-001   1.7968E-002  -3.1397E-002   1.6347E-001  -2.1491E-003  -8.8042E-002  -3.1712E-002   5.3704E-002   1.1089E-002   2.0192E-002   5.2847E-002  -3.0211E-002   7.2766E-004  -5.0552E-002  -3.7939E-003  -2.3606E-003  -1.3829E-002   9.8767E-003   5.5269E-002  
 8.9840E-001   6.3697E-001   4.2441E-001   1.9968E-002  -1.7068E-002  -7.1187E-003  -2.0761E-002  -3.1170E-002  -1.3109E-001   2.5526E-002  -3.5703E-002  -3.4649E-003  -8.3194E-003   4.6558E-003  -4.6990E-003   2.1360E-002   1.4266E-002  -5.8161E-003   2.9847E-002  -1.9417E-003   4.1298E-004  -1.2340E-002   1.1470E-002   5.4240E-002  
 7.4175E-001   7.6685E-001   3.8338E-001   4.2902E-002   5.8435E-002   4.3827E-002  -7.9417E-003  -1.5889E-002  -1.0287E-001  -1.8733E-002  -1.8779E-002   7.3077E-004   9.9453E-004   1.3401E-003  -4.5247E-003   1.5794E-002   7.9247E-003   4.2439E-003   2.3324E-002  -1.1500E-003   1.2193E-003  -1.2064E-002   1.0963E-002   5.1229E-002  
 6.1893E-001   8.5630E-001   2.8567E-001   5.3969E-002   7.3548E-002   9.7945E-002  -1.8637E-003  -5.5910E-003  -7.0775E-002  -4.8928E-002  -7.4968E-003   5.5053E-003   4.1609E-003  -9.2691E-004  -3.2411E-003   1.1863E-002   3.9774E-003   1.0892E-002   1.5753E-002  -5.9389E-005   1.2639E-003  -1.1922E-002   1.0593E-002   4.8989E-002  
 5.4013E-001   9.0893E-001   1.5117E-001   5.8372E-002   4.7155E-002   1.3783E-001   7.2173E-005   3.8545E-004  -3.5916E-002  -6.6628E-002  -1.0358E-003   9.0673E-003   3.1160E-003  -2.0569E-003  -1.6103E-003   9.5293E-003   1.6041E-003   1.4589E-002   7.8579E-003   6.4051E-004   6.9893E-004  -1.1888E-002   1.0361E-002   4.6292E-002  
 5.1324E-001   9.2613E-001  -2.9357E-015   5.9440E-002  -9.2095E-016   1.5221E-001  -4.2859E-015   2.3438E-003   2.9141E-015  -7.2379E-002   1.0244E-003   1.0341E-002   3.5825E-015  -2.3792E-003  -2.5451E-015   8.7930E-003  -3.0304E-015   1.5769E-002   2.8996E-016   8.4707E-004  -1.0257E-015  -1.1888E-002   1.0272E-002   4.5781E-002  
 5.4013E-001   9.0893E-001  -1.5117E-001   5.8372E-002  -4.7155E-002   1.3783E-001  -7.2173E-005   3.8545E-004   3.5916E-002  -6.6628E-002  -1.0358E-003   9.0673E-003  -3.1160E-003  -2.0569E-003   1.6103E-003   9.5293E-003  -1.6041E-003   1.4589E-002  -7.8579E-003   6.4051E-004  -6.9893E-004  -1.1888E-002   1.0361E-002   4.6292E-002  
 6.1893E-001   8.5630E-001  -2.8567E-001   5.3969E-002  -7.3548E-002   9.7945E-002   1.8637E-003  -5.5910E-003   7.0775E-002  -4.8928E-002  -7.4968E-003   5.5053E-003  -4.1609E-003  -9.2691E-004   3.2411E-003   1.1863E-002  -3.9774E-003   1.0892E-002  -1.5753E-002  -5.9389E-005  -1.2639E-003  -1.1922E-002   1.0593E-002   4.8989E-002  
 7.4175E-001   7.6685E-001  -3.8338E-001   4.2902E-002  -5.8435E-002   4.3827E-002   7.9417E-003  -1.5889E-002   1.0287E-001  -1.8733E-002  -1.8779E-002   7.3077E-004  -9.9453E-004   1.3401E-003   4.5247E-003   1.5794E-002  -7.9247E-003   4.2439E-003  -2.3324E-002  -1.1500E-003  -1.2193E-003  -1.2064E-002   1.0963E-002   5.1229E-002  
 8.9840E-001   6.3697E-001  -4.2441E-001   1.9968E-002   1.7068E-002  -7.1187E-003   2.0761E-002  -3.1170E-002   1.3109E-001   2.5526E-002  -3.5703E-002  -3.4649E-003   8.3194E-003   4.6558E-003   4.6990E-003   2.1360E-002  -1.4266E-002  -5.8161E-003  -2.9847E-002  -1.9417E-003  -4.1298E-004  -1.2340E-002   1.1470E-002   5.4240E-002  
 6.4406E-001   6.9921E-001   5.5886E-001   5.2106E-002   1.1094E-001   2.5080E-002  -5.0527E-003  -6.3391E-003  -8.0575E-002   3.9109E-002  -9.7018E-003   1.3096E-003   5.7330E-003   3.2957E-003  -1.5652E-003   1.0556E-002   8.4591E-003  -8.7709E-003   1.8027E-002  -1.3256E-003  -3.1106E-004  -1.1977E-002   1.0661E-002   5.0273E-002  
 4.5833E-001   8.0044E-001   4.8004E-001   6.0895E-002   1.4427E-001   7.7010E-002   3.1649E-003   5.2659E-003  -6.5808E-002   3.2860E-003   4.9606E-003   5.4408E-003   1.0222E-002   1.1501E-003  -1.7105E-003   6.2453E-003   3.7604E-003  -7.0529E-004   1.4266E-002  -6.7488E-004   3.2385E-004  -1.2011E-002   1.0027E-002   4.6421E-002  
 3.1291E-001   8.7014E-001   3.4823E-001   6.1203E-002   1.2565E-001   1.3183E-001   5.3321E-003   1.3306E-002  -4.6180E-002  -2.1117E-002   1.4377E-002   9.8581E-003   9.4191E-003  -5.7583E-005  -1.3314E-003   3.6074E-003   1.4571E-003   4.5108E-003   9.8759E-003  -1.5253E-004   4.6164E-004  -1.2471E-002   9.2584E-003   4.9422E-002  
 2.1984E-001   9.1101E-001   1.8175E-001   5.9068E-002   7.1568E-002   1.7220E-001   3.5820E-003   1.7938E-002  -2.3693E-002  -3.5329E-002   1.9740E-002   1.3149E-002   5.4753E-003  -6.3526E-004  -6.5285E-004   2.0648E-003   4.2754E-004   7.4292E-003   4.9787E-003   1.5533E-004   2.4236E-004  -1.2817E-002   8.7299E-003   5.0806E-002  
 1.8813E-001   9.2434E-001   1.0221E-016   5.7945E-002   2.9725E-016   1.8676E-001   1.1435E-016   1.9456E-002  -1.5184E-016  -3.9930E-002   2.1431E-002   1.4317E-002  -1.4054E-015  -7.8587E-004   1.0673E-015   1.5888E-003   2.1731E-015   8.3677E-003  -1.1303E-015   2.0851E-004   9.8649E-016  -1.2979E-002   8.5197E-003   5.1489E-002  
 2.1984E-001   9.1101E-001  -1.8175E-001   5.9068E-002  -7.1568E-002   1.7220E-001  -3.5820E-003   1.7938E-002   2.3693E-002  -3.5329E-002   1.9740E-002   1.3149E-002  -5.4753E-003  -6.3526E-004   6.5285E-004   2.0648E-003  -4.2754E-004   7.4292E-003  -4.9787E-003   1.5533E-004  -2.4236E-004  -1.2817E-002   8.7299E-003   5.0806E-002  
 3.1291E-001   8.7014E-001  -3.4823E-001   6.1203E-002  -1.2565E-001   1.3183E-001  -5.3321E-003   1.3306E-002   4.6180E-002  -2.1117E-002   1.4377E-002   9.8581E-003  -9.4191E-003  -5.7583E-005   1.3314E-003   3.6074E-003  -1.4571E-003   4.5108E-003  -9.8759E-003  -1.5253E-004  -4.6164E-004  -1.2471E-002   9.2584E-003   4.9422E-002  
 4.5833E-001   8.0044E-001  -4.8004E-001   6.0895E-002  -1.4427E-001   7.7010E-002  -3.1649E-003   5.2659E-003   6.5808E-002   3.2860E-003   4.9606E-003   5.4408E-003  -1.0222E-002   1.1501E-003   1.7105E-003   6.2453E-003  -3.7604E-003  -7.0529E-004  -1.4266E-002  -6.7488E-004  -3.2385E-004  -1.2011E-002   1.0027E-002   4.6421E-002  
 6.4406E-001   6.9921E-001  -5.5886E-001   5.2106E-002  -1.1094E-001   2.5080E-002   5.0527E-003  -6.3391E-003   8.0575E-002   3.9109E-002  -9.7018E-003   1.3096E-003  -5.7330E-003   3.2957E-003   1.5652E-003   1.0556E-002  -8.4591E-003  -8.7709E-003  -1.8027E-002  -1.3256E-003   3.1106E-004  -1.1977E-002   1.0661E-002   5.0273E-002  
 1.0951E+000   2.9173E-001   5.1086E-001  -9.0135E-002  -2.6959E-001   1.5913E-001  -3.1397E-002  -1.7968E-002   2.1491E-003   1.6347E-001  -8.8042E-002   3.1712E-002  -5.3704E-002   1.1089E-002   2.0192E-002   3.0211E-002   5.2847E-002  -5.0552E-002  -7.2766E-004   2.3606E-003  -3.7939E-003  -1.3829E-002   9.8767E-003   5.5269E-002  
 8.9840E-001   4.2441E-001   6.3697E-001   1.9968E-002  -1.7068E-002   7.1187E-003  -3.1170E-002  -2.0761E-002  -2.5526E-002   1.3109E-001  -3.5703E-002   3.4649E-003  -8.3194E-003   4.6558E-003   4.6990E-003   1.4266E-002   2.1360E-002  -2.9847E-002   5.8161E-003   4.1298E-004  -1.9417E-003  -1.2340E-002   1.1470E-002   5.4240E-002  
 6.4406E-001   5.5886E-001   6.9921E-001   5.2106E-002   1.1094E-001  -2.5080E-002  -6.3391E-003  -5.0527E-003  -3.9109E-002   8.0575E-002  -9.7018E-003  -1.3096E-003   5.7330E-003   3.2957E-003   1.5652E-003   8.4591E-003   1.0556E-002  -1.8027E-002   8.7709E-003  -3.1106E-004  -1.3256E-003  -1.1977E-002   1.0661E-002   5.0273E-002  
 3.9982E-001   6.6291E-001   6.6291E-001   6.1576E-002   1.7288E-001   1.3608E-012   6.9023E-003   6.9023E-003  -4.2049E-002   4.2049E-002   8.8868E-003  -1.4682E-012   1.2587E-002   1.7310E-003   1.0753E-013   4.1411E-003   4.1411E-003  -9.0684E-003   9.0684E-003  -4.3874E-004  -4.3874E-004  -1.2212E-002   9.7176E-003   4.7808E-002  
 1.8689E-001   7.3919E-001   5.5465E-001   5.7904E-002   1.7934E-001   5.2217E-002   1.1701E-002   1.5593E-002  -3.7290E-002   1.4053E-002   2.1497E-002   4.0074E-003   1.3780E-002   6.6735E-004  -4.1556E-004   1.2538E-003   9.4946E-004  -2.9329E-003   7.7886E-003  -2.0498E-004  -1.8294E-005  -1.2976E-002   8.5360E-003   5.0893E-002  
 2.0730E-002   7.9151E-001   3.9631E-001   4.9202E-002   1.4355E-001   1.0739E-001   1.0810E-002   2.1586E-002  -2.7322E-002  -4.9162E-003   2.9490E-002   8.2537E-003   1.1059E-002   1.2078E-004  -4.2408E-004  -3.9582E-004  -1.9318E-004   1.0353E-003   5.7188E-003  -5.0801E-005   6.4219E-005  -1.3982E-002   7.2011E-003   4.6851E-002  
-8.5400E-002   8.2209E-001   2.0521E-001   4.1548E-002   7.8799E-002   1.4799E-001   6.2548E-003   2.5049E-002  -1.4303E-002  -1.5853E-002   3.3997E-002   1.1351E-002   6.0559E-003  -1.6965E-004  -2.5131E-004  -1.3623E-003  -3.3185E-004   3.3467E-003   3.0114E-003   2.9016E-005   5.9681E-005  -1.4633E-002   6.3104E-003   4.2291E-002  
-1.2151E-001   8.3204E-001   9.3610E-016   3.8618E-002   1.1027E-015   1.6263E-001  -6.0830E-016   2.6163E-002  -1.5777E-016  -1.9382E-002   3.5430E-002   1.2468E-002   2.8286E-016  -2.6357E-004   1.2139E-015  -1.6876E-003  -1.3768E-015   4.1014E-003   1.3185E-015   5.7206E-005  -3.0640E-015  -1.4847E-002   6.0098E-003   4.1924E-002  
-8.5400E-002   8.2209E-001  -2.0521E-001   4.1548E-002  -7.8799E-002   1.4799E-001  -6.2548E-003   2.5049E-002   1.4303E-002  -1.5853E-002   3.3997E-002   1.1351E-002  -6.0559E-003  -1.6965E-004   2.5131E-004  -1.3623E-003   3.3185E-004   3.3467E-003  -3.0114E-003   2.9016E-005  -5.9681E-005  -1.4633E-002   6.3104E-003   4.2291E-002  
 2.0730E-002   7.9151E-001  -3.9631E-001   4.9202E-002  -1.4355E-001   1.0739E-001  -1.0810E-002   2.1586E-002   2.7322E-002  -4.9162E-003   2.9490E-002   8.2537E-003  -1.1059E-002   1.2078E-004   4.2408E-004  -3.9582E-004   1.9318E-004   1.0353E-003  -5.7188E-003  -5.0801E-005  -6.4219E-005  -1.3982E-002   7.2011E-003   4.6851E-002  
 1.8689E-001   7.3919E-001  -5.5465E-001   5.7904E-002  -1.7934E-001   5.2217E-002  -1.1701E-002   1.5593E-002   3.7290E-002   1.4053E-002   2.1497E-002   4.0074E-003  -1.3780E-002   6.6735E-004   4.1556E-004   1.2538E-003  -9.4946E-004  -2.9329E-003  -7.7886E-003  -2.0498E-004   1.8294E-005  -1.2976E-002   8.5360E-003   5.0893E-002  
 3.9982E-001   6.6291E-001  -6.6291E-001   6.1576E-002  -1.7288E-001   1.3599E-012  -6.9023E-003   6.9023E-003   4.2049E-002   4.2049E-002   8.8868E-003  -1.4691E-012  -1.2587E-002   1.7310E-003  -1.0810E-013   4.1411E-003  -4.1411E-003  -9.0684E-003  -9.0684E-003  -4.3874E-004   4.3874E-004  -1.2212E-002   9.7176E-003   4.7808E-002  
 6.4406E-001   5.5886E-001  -6.9921E-001   5.2106E-002  -1.1094E-001  -2.5080E-002   6.3391E-003  -5.0527E-003   3.9109E-002   8.0575E-002  -9.7018E-003  -1.3096E-003  -5.7330E-003   3.2957E-003  -1.5652E-003   8.4591E-003  -1.0556E-002  -1.8027E-002  -8.7709E-003  -3.1106E-004   1.3256E-003  -1.1977E-002   1.0661E-002   5.0273E-002  
 8.9840E-001   4.2441E-001  -6.3697E-001   1.9968E-002   1.7068E-002   7.1187E-003   3.1170E-002  -2.0761E-002   2.5526E-002   1.3109E-001  -3.5703E-002   3.4649E-003   8.3194E-003   4.6558E-003  -4.6990E-003   1.4266E-002  -2.1360E-002  -2.9847E-002  -5.8161E-003   4.1298E-004   1.9417E-003  -1.2340E-002   1.1470E-002   5.4240E-002  
 1.0951E+000   2.9173E-001  -5.1086E-001  -9.0135E-002   2.6959E-001   1.5913E-001   3.1397E-002  -1.7968E-002  -2.1491E-003   1.6347E-001  -8.8042E-002   3.1712E-002   5.3704E-002   1.1089E-002  -2.0192E-002   3.0211E-002  -5.2847E-002  -5.0552E-002   7.2766E-004   2.3606E-003   3.7939E-003  -1.3829E-002   9.8767E-003   5.5269E-002  
 1.0173E+000   2.6219E-001   6.1172E-001  -9.4923E-003  -8.7766E-002   8.3601E-002  -4.9165E-002  -2.1084E-002   5.5136E-002   1.4831E-001  -5.2597E-002   1.5748E-002  -1.6519E-002   5.0169E-004   1.0299E-002   1.3702E-002   3.1903E-002  -3.5781E-002  -1.3337E-002   2.7667E-003  -1.3303E-003  -1.2612E-002   1.2075E-002   6.5477E-002  
 7.4175E-001   3.8338E-001   7.6685E-001   4.2902E-002   5.8435E-002  -4.3827E-002  -1.5889E-002  -7.9417E-003   1.8733E-002   1.0287E-001  -1.8779E-002  -7.3077E-004   9.9453E-004   1.3401E-003   4.5247E-003   7.9247E-003   1.5794E-002  -2.3324E-002  -4.2439E-003   1.2193E-003  -1.1500E-003  -1.2064E-002   1.0963E-002   5.1229E-002  
 4.5833E-001   4.8004E-001   8.0044E-001   6.0895E-002   1.4427E-001  -7.7010E-002   5.2659E-003   3.1649E-003  -3.2860E-003   6.5808E-002   4.9606E-003  -5.4408E-003   1.0222E-002   1.1501E-003   1.7105E-003   3.7604E-003   6.2453E-003  -1.4266E-002   7.0529E-004   3.2385E-004  -6.7488E-004  -1.2011E-002   1.0027E-002   4.6421E-002  
 1.8689E-001   5.5465E-001   7.3919E-001   5.7904E-002   1.7934E-001  -5.2217E-002   1.5593E-002   1.1701E-002  -1.4053E-002   3.7290E-002   2.1497E-002  -4.0074E-003   1.3780E-002   6.6735E-004   4.1556E-004   9.4946E-004   1.2538E-003  -7.7886E-003   2.9329E-003  -1.8294E-005  -2.0498E-004  -1.2976E-002   8.5360E-003   5.0893E-002  
-4.9001E-002   6.0915E-001   6.0915E-001   4.4338E-002   1.7220E-001   2.1444E-012   1.7924E-002   1.7924E-002  -1.6580E-002   1.6580E-002   3.2495E-002  -1.2359E-013   1.3245E-002   3.4027E-004  -2.4703E-012  -7.7061E-004  -7.7061E-004  -3.4825E-003   3.4825E-003  -4.5817E-005  -4.5817E-005  -1.4415E-002   6.6248E-003   4.3430E-002  
-2.3249E-001   6.4627E-001   4.3126E-001   2.8640E-002   1.3308E-001   5.5306E-002   1.4725E-002   2.2063E-002  -1.3723E-002   2.7063E-003   3.9598E-002   4.2298E-003   1.0197E-002   1.1315E-004  -1.1782E-004  -1.9892E-003  -1.3233E-003  -5.7309E-004   2.9171E-003  -2.5270E-005   8.7020E-006  -1.5502E-002   5.1195E-003   3.4715E-002  
-3.4948E-001   6.6791E-001   2.2219E-001   1.6701E-002   7.1856E-002   9.6038E-002   8.1307E-003   2.4434E-002  -7.5987E-003  -5.2770E-003   4.3590E-002   7.3387E-003   5.5015E-003  -2.9818E-005  -8.9031E-005  -2.7325E-003  -9.0620E-004   1.1383E-003   1.6349E-003   3.2246E-006   1.7970E-005  -1.6146E-002   4.1855E-003   2.9072E-002  
-3.8924E-001   6.7494E-001   4.7887E-015   1.2330E-002  -1.2558E-015   1.1074E-001   2.6299E-015   2.5192E-002  -2.1785E-015  -7.8540E-003   4.4865E-002   8.4585E-003  -9.0513E-016  -7.7299E-005   6.2022E-016  -2.9806E-003   4.0726E-015   1.7030E-003  -3.0084E-015   1.5152E-005   2.8147E-015  -1.6365E-002   3.8738E-003   2.8075E-002  
-3.4948E-001   6.6791E-001  -2.2219E-001   1.6701E-002  -7.1856E-002   9.6038E-002  -8.1307E-003   2.4434E-002   7.5987E-003  -5.2770E-003   4.3590E-002   7.3387E-003  -5.5015E-003  -2.9818E-005   8.9031E-005  -2.7325E-003   9.0620E-004   1.1383E-003  -1.6349E-003   3.2246E-006  -1.7970E-005  -1.6146E-002   4.1855E-003   2.9072E-002  
-2.3249E-001   6.4627E-001  -4.3126E-001   2.8640E-002  -1.3308E-001   5.5306E-002  -1.4725E-002   2.2063E-002   1.3723E-002   2.7063E-003   3.9598E-002   4.2298E-003  -1.0197E-002   1.1315E-004   1.1782E-004  -1.9892E-003   1.3233E-003  -5.7309E-004  -2.9171E-003  -2.5270E-005  -8.7020E-006  -1.5502E-002   5.1195E-003   3.4715E-002  
-4.9001E-002   6.0915E-001  -6.0915E-001   4.4338E-002  -1.7220E-001   2.1413E-012  -1.7924E-002   1.7924E-002   1.6580E-002   1.6580E-002   3.2495E-002  -1.2272E-013  -1.3245E-002   3.4027E-004   2.4693E-012  -7.7061E-004   7.7061E-004  -3.4825E-003  -3.4825E-003  -4.5817E-005   4.5817E-005  -1.4415E-002   6.6248E-003   4.3430E-002  
 1.8689E-001   5.5465E-001  -7.3919E-001   5.7904E-002  -1.7934E-001  -5.2217E-002  -1.5593E-002   1.1701E-002   1.4053E-002   3.7290E-002   2.1497E-002  -4.0074E-003  -1.3780E-002   6.6735E-004  -4.1556E-004   9.4946E-004  -1.2538E-003  -7.7886E-003  -2.9329E-003  -1.8294E-005   2.0498E-004  -1.2976E-002   8.5360E-003   5.0893E-002  
 4.5833E-001   4.8004E-001  -8.0044E-001   6.0895E-002  -1.4427E-001  -7.7010E-002  -5.2659E-003   3.1649E-003   3.2860E-003   6.5808E-002   4.9606E-003  -5.4408E-003  -1.0222E-002   1.1501E-003  -1.7105E-003   3.7604E-003  -6.2453E-003  -1.4266E-002  -7.0529E-004   3.2385E-004   6.7488E-004  -1.2011E-002   1.0027E-002   4.6421E-002  
 7.4175E-001   3.8338E-001  -7.6685E-001   4.2902E-002  -5.8435E-002  -4.3827E-002   1.5889E-002  -7.9417E-003  -1.8733E-002   1.0287E-001  -1.8779E-002  -7.3077E-004  -9.9453E-004   1.3401E-003  -4.5247E-003   7.9247E-003  -1.5794E-002  -2.3324E-002   4.2439E-003   1.2193E-003   1.1500E-003  -1.2064E-002   1.0963E-002   5.1229E-002  
 1.0173E+000   2.6219E-001  -6.1172E-001  -9.4923E-003   8.7766E-002   8.3601E-002   4.9165E-002  -2.1084E-002  -5.5136E-002   1.4831E-001  -5.2597E-002   1.5748E-002   1.6519E-002   5.0169E-004  -1.0299E-002   1.3702E-002  -3.1903E-002  -3.5781E-002   1.3337E-002   2.7667E-003   1.3303E-003  -1.2612E-002   1.2075E-002   6.5477E-002  
 9.1961E-001   2.0611E-001   7.2063E-001   1.6016E-002  -1.7864E-002   2.8672E-002  -3.9028E-002  -1.1152E-002   9.2563E-002   1.0236E-001  -3.8189E-002   9.0926E-003  -5.6617E-003  -3.0204E-003   6.2129E-003   7.4094E-003   2.5835E-002  -2.3325E-002  -2.1083E-002   1.9948E-003   3.5643E-004  -1.2331E-002   1.1550E-002   5.4698E-002  
 6.1893E-001   2.8567E-001   8.5630E-001   5.3969E-002   7.3548E-002  -9.7945E-002  -5.5910E-003  -1.8637E-003   4.8928E-002   7.0775E-002  -7.4968E-003  -5.5053E-003   4.1609E-003  -9.2691E-004   3.2411E-003   3.9774E-003   1.1863E-002  -1.5753E-002  -1.0892E-002   1.2639E-003  -5.9389E-005  -1.1922E-002   1.0593E-002   4.8989E-002  
 3.1291E-001   3.4823E-001   8.7014E-001   6.1203E-002   1.2565E-001  -1.3183E-001   1.3306E-002   5.3321E-003   2.1117E-002   4.6180E-002   1.4377E-002  -9.8581E-003   9.4191E-003  -5.7583E-005   1.3314E-003   1.4571E-003   3.6074E-003  -9.8759E-003  -4.5108E-003   4.6164E-004  -1.5253E-004  -1.2471E-002   9.2584E-003   4.9422E-002  
 2.0730E-002   3.9631E-001   7.9151E-001   4.9202E-002   1.4355E-001  -1.0739E-001   2.1586E-002   1.0810E-002   4.9162E-003   2.7322E-002   2.9490E-002  -8.2537E-003   1.1059E-002   1.2078E-004   4.2408E-004  -1.9318E-004  -3.9582E-004  -5.7188E-003  -1.0353E-003   6.4219E-005  -5.0801E-005  -1.3982E-002   7.2011E-003   4.6851E-002  
-2.3249E-001   4.3126E-001   6.4627E-001   2.8640E-002   1.3308E-001  -5.5306E-002   2.2063E-002   1.4725E-002  -2.7063E-003   1.3723E-002   3.9598E-002  -4.2298E-003   1.0197E-002   1.1315E-004   1.1782E-004  -1.3233E-003  -1.9892E-003  -2.9171E-003   5.7309E-004   8.7020E-006  -2.5270E-005  -1.5502E-002   5.1195E-003   3.4715E-002  
-4.2908E-001   4.5499E-001   4.5499E-001   7.8034E-003   1.0106E-001  -9.7909E-014   1.7306E-002   1.7306E-002  -4.6443E-003   4.6443E-003   4.6107E-002   1.4440E-012   7.7331E-003   5.3909E-005  -1.6252E-012  -2.1484E-003  -2.1484E-003  -1.0108E-003   1.0108E-003  -4.1454E-006  -4.1454E-006  -1.6581E-002   3.5774E-003   2.4638E-002  
-5.5425E-001   4.6881E-001   2.3371E-001  -7.3505E-003   5.4099E-002   4.0771E-002   9.3475E-003   1.8750E-002  -3.1266E-003  -5.7741E-004   4.9785E-002   3.1046E-003   4.1257E-003   2.7797E-006  -2.0868E-005  -2.6253E-003  -1.3078E-003   1.2915E-004   6.8739E-004   8.6711E-007   3.4858E-006  -1.7281E-002   2.6399E-003   1.8240E-002  
-5.9677E-001   4.7330E-001   3.7557E-015  -1.2793E-002  -2.6041E-015   5.5494E-002   7.4742E-015   1.9211E-002  -6.2566E-015  -2.2617E-003   5.0956E-002   4.2206E-003  -1.6041E-015  -1.6560E-005   1.9879E-015  -2.7818E-003   1.0882E-014   5.0193E-004  -7.3569E-015   4.0595E-006   6.5766E-015  -1.7515E-002   2.3365E-003   1.6831E-002  
-5.5425E-001   4.6881E-001  -2.3371E-001  -7.3505E-003  -5.4099E-002   4.0771E-002  -9.3475E-003   1.8750E-002   3.1266E-003  -5.7741E-004   4.9785E-002   3.1046E-003  -4.1257E-003   2.7797E-006   2.0868E-005  -2.6253E-003   1.3078E-003   1.2915E-004  -6.8739E-004   8.6711E-007  -3.4858E-006  -1.7281E-002   2.6399E-003   1.8240E-002  
-4.2908E-001   4.5499E-001  -4.5499E-001   7.8034E-003  -1.0106E-001  -9.6120E-014  -1.7306E-002   1.7306E-002   4.6443E-003   4.6443E-003   4.6107E-002   1.4428E-012  -7.7331E-003   5.3909E-005   1.6254E-012  -2.1484E-003   2.1484E-003  -1.0108E-003  -1.0108E-003  -4.1454E-006   4.1454E-006  -1.6581E-002   3.5774E-003   2.4638E-002  
-2.3249E-001   4.3126E-001  -6.4627E-001   2.8640E-002  -1.3308E-001  -5.5306E-002  -2.2063E-002   1.4725E-002   2.7063E-003   1.3723E-002   3.9598E-002  -4.2298E-003  -1.0197E-002   1.1315E-004  -1.1782E-004  -1.3233E-003   1.9892E-003  -2.9171E-003  -5.7309E-004   8.7020E-006   2.5270E-005  -1.5502E-002   5.1195E-003   3.4715E-002  
 2.0730E-002   3.9631E-001  -7.9151E-001   4.9202E-002  -1.4355E-001  -1.0739E-001  -2.1586E-002   1.0810E-002  -4.9162E-003   2.7322E-002   2.9490E-002  -8.2537E-003  -1.1059E-002   1.2078E-004  -4.2408E-004  -1.9318E-004   3.9582E-004  -5.7188E-003   1.0353E-003   6.4219E-005   5.0801E-005  -1.3982E-002   7.2011E-003   4.6851E-002  
 3.1291E-001   3.4823E-001  -8.7014E-001   6.1203E-002  -1.2565E-001  -1.3183E-001  -1.3306E-002   5.3321E-003  -2.1117E-002   4.6180E-002   1.4377E-002  -9.8581E-003  -9.4191E-003  -5.7583E-005  -1.3314E-003   1.4571E-003  -3.6074E-003  -9.8759E-003   4.5108E-003   4.6164E-004   1.5253E-004  -1.2471E-002   9.2584E-003   4.9422E-002  
 6.1893E-001   2.8567E-001  -8.5630E-001   5.3969E-002  -7.3548E-002  -9.7945E-002   5.5910E-003  -1.8637E-003  -4.8928E-002   7.0775E-002  -7.4968E-003  -5.5053E-003  -4.1609E-003  -9.2691E-004  -3.2411E-003   3.9774E-003  -1.1863E-002  -1.5753E-002   1.0892E-002   1.2639E-003   5.9389E-005  -1.1922E-002   1.0593E-002   4.8989E-002  
 9.1961E-001   2.0611E-001  -7.2063E-001   1.6016E-002   1.7864E-002   2.8672E-002   3.9028E-002  -1.1152E-002  -9.2563E-002   1.0236E-001  -3.8189E-002   9.0926E-003   5.6617E-003  -3.0204E-003  -6.2129E-003   7.4094E-003  -2.5835E-002  -2.3325E-002   2.1083E-002   1.9948E-003  -3.5643E-004  -1.2331E-002   1.1550E-002   5.4698E-002  
 8.5516E-001   1.1224E-001   7.8714E-001   2.7447E-002   2.9124E-003  -9.9983E-003  -3.1102E-002  -4.4248E-003   1.1376E-001   5.1459E-002  -3.0664E-002   5.5755E-003  -1.6210E-003  -5.0929E-003   3.2603E-003   3.3087E-003   2.3056E-002  -1.1731E-002  -2.5931E-002   1.2566E-003   1.4498E-003  -1.2219E-002   1.1321E-002   5.3468E-002  
 5.4013E-001   1.5117E-001   9.0893E-001   5.8372E-002   4.7155E-002  -1.3783E-001   3.8545E-004   7.2173E-005   6.6628E-002   3.5916E-002  -1.0358E-003  -9.0673E-003   3.1160E-003  -2.0569E-003   1.6103E-003   1.6041E-003   9.5293E-003  -7.8579E-003  -1.4589E-002   6.9893E-004   6.4051E-004  -1.1888E-002   1.0361E-002   4.6292E-002  
 2.1984E-001   1.8175E-001   9.1101E-001   5.9068E-002   7.1568E-002  -1.7220E-001   1.7938E-002   3.5820E-003   3.5329E-002   2.3693E-002   1.9740E-002  -1.3149E-002   5.4753E-003  -6.3526E-004   6.5285E-004   4.2754E-004   2.0648E-003  -4.9787E-003  -7.4292E-003   2.4236E-004   1.5533E-004  -1.2817E-002   8.7299E-003   5.0806E-002  
-8.5400E-002   2.0521E-001   8.2209E-001   4.1548E-002   7.8799E-002  -1.4799E-001   2.5049E-002   6.2548E-003   1.5853E-002   1.4303E-002   3.3997E-002  -1.1351E-002   6.0559E-003  -1.6965E-004   2.5131E-004  -3.3185E-004  -1.3623E-003  -3.0114E-003  -3.3467E-003   5.9681E-005   2.9016E-005  -1.4633E-002   6.3104E-003   4.2291E-002  
-3.4948E-001   2.2219E-001   6.6791E-001   1.6701E-002   7.1856E-002  -9.6038E-002   2.4434E-002   8.1307E-003   5.2770E-003   7.5987E-003   4.3590E-002  -7.3387E-003   5.5015E-003  -2.9818E-005   8.9031E-005  -9.0620E-004  -2.7325E-003  -1.6349E-003  -1.1383E-003   1.7970E-005   3.2246E-006  -1.6146E-002   4.1855E-003   2.9072E-002  
-5.5425E-001   2.3371E-001   4.6881E-001  -7.3505E-003   5.4099E-002  -4.0771E-002   1.8750E-002   9.3475E-003   5.7741E-004   3.1266E-003   4.9785E-002  -3.1046E-003   4.1257E-003   2.7797E-006   2.0868E-005  -1.3078E-003  -2.6253E-003  -6.8739E-004  -1.2915E-004   3.4858E-006   8.6712E-007  -1.7281E-002   2.6399E-003   1.8240E-002  
-6.8453E-001   2.4041E-001   2.4041E-001  -2.4470E-002   2.8835E-002   1.9388E-012   1.0030E-002   1.0030E-002  -5.5514E-004   5.5514E-004   5.3264E-002   5.2027E-012   2.1920E-003   3.4053E-007  -6.3883E-012  -1.5423E-003  -1.5423E-003  -1.2293E-004   1.2293E-004   1.2631E-006   1.2631E-006  -1.7996E-002   1.7617E-003   1.0895E-002  
-7.2877E-001   2.4259E-001   2.5316E-015  -3.0570E-002   1.3149E-015   1.4727E-002  -3.6356E-015   1.0247E-002   2.3526E-015  -2.7395E-004   5.4371E-002   1.1165E-003   5.4157E-016  -3.9020E-006  -1.1743E-015  -1.6186E-003  -3.7806E-015   6.2730E-005   1.8226E-015   1.3989E-006  -2.5175E-015  -1.8237E-002   1.5102E-003   8.5625E-003  
-6.8453E-001   2.4041E-001  -2.4041E-001  -2.4470E-002  -2.8835E-002   1.9401E-012  -1.0030E-002   1.0030E-002   5.5514E-004   5.5514E-004   5.3264E-002   5.2021E-012  -2.1920E-003   3.4053E-007   6.3901E-012  -1.5423E-003   1.5423E-003  -1.2293E-004  -1.2293E-004   1.2631E-006  -1.2631E-006  -1.7996E-002   1.7617E-003   1.0895E-002  
-5.5425E-001   2.3371E-001  -4.6881E-001  -7.3505E-003  -5.4099E-002  -4.0771E-002  -1.8750E-002   9.3475E-003  -5.7741E-004   3.1266E-003   4.9785E-002  -3.1046E-003  -4.1257E-003   2.7797E-006  -2.0868E-005  -1.3078E-003   2.6253E-003  -6.8739E-004   1.2915E-004   3.4858E-006  -8.6712E-007  -1.7281E-002   2.6399E-003   1.8240E-002  
-3.4948E-001   2.2219E-001  -6.6791E-001   1.6701E-002  -7.1856E-002  -9.6038E-002  -2.4434E-002   8.1307E-003  -5.2770E-003   7.5987E-003   4.3590E-002  -7.3387E-003  -5.5015E-003  -2.9818E-005  -8.9031E-005  -9.0620E-004   2.7325E-003  -1.6349E-003   1.1383E-003   1.7970E-005  -3.2246E-006  -1.6146E-002   4.1855E-003   2.9072E-002  
-8.5400E-002   2.0521E-001  -8.2209E-001   4.1548E-002  -7.8799E-002  -1.4799E-001  -2.5049E-002   6.2548E-003  -1.5853E-002   1.4303E-002   3.3997E-002  -1.1351E-002  -6.0559E-003  -1.6965E-004  -2.5131E-004  -3.3185E-004   1.3623E-003  -3.0114E-003   3.3467E-003   5.9681E-005  -2.9016E-005  -1.4633E-002   6.3104E-003   4.2291E-002  
 2.1984E-001   1.8175E-001  -9.1101E-001   5.9068E-002  -7.1568E-002  -1.7220E-001  -1.7938E-002   3.5820E-003  -3.5329E-002   2.3693E-002   1.9740E-002  -1.3149E-002  -5.4753E-003  -6.3526E-004  -6.5285E-004   4.2754E-004  -2.0648E-003  -4.9787E-003   7.4292E-003   2.4236E-004  -1.5533E-004  -1.2817E-002   8.7299E-003   5.0806E-002  
 5.4013E-001   1.5117E-001  -9.0893E-001   5.8372E-002  -4.7155E-002  -1.3783E-001  -3.8545E-004   7.2173E-005  -6.6628E-002   3.5916E-002  -1.0358E-003  -9.0673E-003  -3.1160E-003  -2.0569E-003  -1.6103E-003   1.6041E-003  -9.5293E-003  -7.8579E-003   1.4589E-002   6.9893E-004  -6.4051E-004  -1.1888E-002   1.0361E-002   4.6292E-002  
 8.5516E-001   1.1224E-001  -7.8714E-001   2.7447E-002  -2.9124E-003  -9.9983E-003   3.1102E-002  -4.4248E-003  -1.1376E-001   5.1459E-002  -3.0664E-002   5.5755E-003   1.6210E-003  -5.0929E-003  -3.2603E-003   3.3087E-003  -2.3056E-002  -1.1731E-002   2.5931E-002   1.2566E-003  -1.4498E-003  -1.2219E-002   1.1321E-002   5.3468E-002  
 8.3317E-001  -5.9985E-017   8.0889E-001   3.0858E-002   2.8953E-017  -2.3976E-002  -2.8529E-002   2.2629E-017   1.2065E-001   5.3035E-017  -2.8233E-002   4.3159E-003   1.9018E-016  -5.7537E-003  -2.5704E-017  -1.6156E-016   2.2163E-002  -8.6201E-017  -2.7496E-002  -8.4510E-017   1.8599E-003  -1.2209E-002   1.1230E-002   5.3008E-002  
 5.1324E-001   9.6652E-018   9.2613E-001   5.9440E-002   3.1150E-016  -1.5221E-001   2.3438E-003  -1.9227E-016   7.2379E-002   5.5131E-016   1.0244E-003  -1.0341E-002   3.7549E-016  -2.3792E-003  -7.6708E-016  -1.4322E-016   8.7930E-003   5.5680E-016  -1.5769E-002  -9.1952E-016   8.4707E-004  -1.1888E-002   1.0272E-002   4.5781E-002  
 1.8813E-001   3.7606E-017   9.2434E-001   5.7945E-002  -3.1278E-016  -1.8676E-001   1.9456E-002   2.0258E-016   3.9930E-002  -2.7486E-016   2.1431E-002  -1.4317E-002  -2.1406E-016  -7.8587E-004   4.6670E-016   2.0544E-017   1.5888E-003  -3.7297E-016  -8.3677E-003   6.1323E-016   2.0851E-004  -1.2979E-002   8.5197E-003   5.1489E-002  
-1.2151E-001   1.9228E-016   8.3204E-001   3.8618E-002  -1.0774E-017  -1.6263E-001   2.6163E-002   1.1480E-016   1.9382E-002   2.6011E-016   3.5430E-002  -1.2468E-002   1.3108E-016  -2.6357E-004  -1.8257E-017  -5.8890E-017  -1.6876E-003   3.1306E-017  -4.1014E-003  -3.1502E-017   5.7206E-005  -1.4847E-002   6.0098E-003   4.1924E-002  
-3.8924E-001   7.2539E-018   6.7494E-001   1.2330E-002   3.9148E-018  -1.1074E-001   2.5192E-002  -1.5232E-016   7.8540E-003   2.1614E-017   4.4865E-002  -8.4585E-003   2.2810E-017  -7.7299E-005  -1.1177E-016   1.2458E-017  -2.9806E-003   1.2510E-018  -1.7030E-003   2.2269E-016   1.5152E-005  -1.6365E-002   3.8738E-003   2.8075E-002  
-5.9677E-001  -1.2310E-017   4.7330E-001  -1.2793E-002  -9.9822E-017  -5.5494E-002   1.9211E-002   2.0699E-017   2.2617E-003   2.3710E-017   5.0956E-002  -4.2206E-003   1.0002E-016  -1.6560E-005   7.1410E-017   9.6415E-017  -2.7818E-003  -3.2292E-017  -5.0193E-004   2.8323E-017   4.0595E-006  -1.7515E-002   2.3365E-003   1.6831E-002  
-7.2877E-001   4.4582E-017   2.4259E-001  -3.0570E-002  -3.9333E-017  -1.4727E-002   1.0247E-002  -1.0668E-017   2.7395E-004   5.7152E-017   5.4371E-002  -1.1165E-003  -8.6324E-017  -3.9020E-006   2.0821E-017   6.7109E-017  -1.6186E-003   5.4678E-017  -6.2730E-005  -1.6420E-017   1.3989E-006  -1.8237E-002   1.5102E-003   8.5625E-003  
-7.7358E-001  -4.9794E-016   2.1852E-015  -3.6889E-002   5.8620E-017   1.4958E-011   4.5492E-015   1.9683E-017  -3.9555E-015   3.1789E-017   5.5456E-002  -7.2899E-014   1.1097E-015  -2.5153E-006  -6.4003E-017   4.5829E-016   5.3735E-015  -8.6207E-018  -4.3642E-015   2.5323E-017   4.2819E-015  -1.8478E-002   1.3056E-003   4.8462E-003  
-7.2877E-001  -2.1961E-016  -2.4259E-001  -3.0570E-002   4.3225E-016  -1.4727E-002  -1.0247E-002  -3.5760E-016  -2.7395E-004   8.4633E-016   5.4371E-002  -1.1165E-003   5.5156E-016  -3.9020E-006  -1.1553E-015  -3.6078E-016   1.6186E-003   1.0358E-015   6.2730E-005  -1.6538E-015  -1.3989E-006  -1.8237E-002   1.5102E-003   8.5625E-003  
-5.9677E-001   6.0407E-016  -4.7330E-001  -1.2793E-002  -1.4349E-015  -5.5494E-002  -1.9211E-002   8.0136E-016  -2.2617E-003  -2.2185E-015   5.0956E-002  -4.2206E-003  -1.7032E-015  -1.6560E-005   3.2161E-015   1.0950E-015   2.7818E-003  -2.9769E-015   5.0193E-004   4.2240E-015  -4.0595E-006  -1.7515E-002   2.3365E-003   1.6831E-002  
-3.8924E-001   2.7550E-016  -6.7494E-001   1.2330E-002  -5.4840E-016  -1.1074E-001  -2.5192E-002   3.0711E-016  -7.8540E-003  -9.5222E-016   4.4865E-002  -8.4585E-003  -5.9975E-016  -7.7299E-005   1.3611E-015   3.6385E-016   2.9806E-003  -1.1360E-015   1.7030E-003   1.9064E-015  -1.5152E-005  -1.6365E-002   3.8738E-003   2.8075E-002  
-1.2151E-001  -1.9960E-016  -8.3204E-001   3.8618E-002   1.0631E-016  -1.6263E-001  -2.6163E-002  -2.2173E-017  -1.9382E-002   1.1536E-016   3.5430E-002  -1.2468E-002   3.3921E-016  -2.6357E-004  -2.0054E-016  -1.7319E-016   1.6876E-003   1.7298E-016   4.1014E-003  -1.2303E-016  -5.7206E-005  -1.4847E-002   6.0098E-003   4.1924E-002  
 1.8813E-001   1.6631E-016  -9.2434E-001   5.7945E-002  -1.6245E-016  -1.8676E-001  -1.9456E-002   1.2972E-016  -3.9930E-002  -3.8615E-016   2.1431E-002  -1.4317E-002  -3.5589E-016  -7.8587E-004   5.4259E-016   2.7627E-016  -1.5888E-003  -3.9642E-016   8.3677E-003   7.1508E-016  -2.0851E-004  -1.2979E-002   8.5197E-003   5.1489E-002  
 5.1324E-001  -2.0136E-016  -9.2613E-001   5.9440E-002   4.2587E-016  -1.5221E-001  -2.3438E-003  -2.8886E-016  -7.2379E-002   6.8001E-016   1.0244E-003  -1.0341E-002   6.6174E-016  -2.3792E-003  -8.3690E-016  -2.9628E-016  -8.7930E-003   9.0358E-016   1.5769E-002  -1.2886E-015  -8.4707E-004  -1.1888E-002   1.0272E-002   4.5781E-002  
 8.3317E-001  -8.7245E-017  -8.0889E-001   3.0858E-002   1.3508E-016  -2.3976E-002   2.8529E-002  -1.3111E-016  -1.2065E-001   3.9435E-016  -2.8233E-002   4.3159E-003   4.7202E-017  -5.7537E-003  -1.4892E-016  -1.0263E-016  -2.2163E-002   2.7389E-016   2.7496E-002  -2.9358E-016  -1.8599E-003  -1.2209E-002   1.1230E-002   5.3008E-002  
 8.5516E-001  -1.1224E-001   7.8714E-001   2.7447E-002  -2.9124E-003  -9.9983E-003  -3.1102E-002   4.4248E-003   1.1376E-001  -5.1459E-002  -3.0664E-002   5.5755E-003   1.6210E-003  -5.0929E-003  -3.2603E-003  -3.3087E-003   2.3056E-002   1.1731E-002  -2.5931E-002  -1.2566E-003   1.4498E-003  -1.2219E-002   1.1321E-002   5.3468E-002  
 5.4013E-001  -1.5117E-001   9.0893E-001   5.8372E-002  -4.7155E-002  -1.3783E-001   3.8545E-004  -7.2173E-005   6.6628E-002  -3.5916E-002  -1.0358E-003  -9.0673E-003  -3.1160E-003  -2.0569E-003  -1.6103E-003  -1.6041E-003   9.5293E-003   7.8579E-003  -1.4589E-002  -6.9893E-004   6.4051E-004  -1.1888E-002   1.0361E-002   4.6292E-002  
 2.1984E-001  -1.8175E-001   9.1101E-001   5.9068E-002  -7.1568E-002  -1.7220E-001   1.7938E-002  -3.5820E-003   3.5329E-002  -2.3693E-002   1.9740E-002  -1.3149E-002  -5.4753E-003  -6.3526E-004  -6.5285E-004  -4.2754E-004   2.0648E-003   4.9787E-003  -7.4292E-003  -2.4236E-004   1.5533E-004  -1.2817E-002   8.7299E-003   5.0806E-002  
-8.5400E-002  -2.0521E-001   8.2209E-001   4.1548E-002  -7.8799E-002  -1.4799E-001   2.5049E-002  -6.2548E-003   1.5853E-002  -1.4303E-002   3.3997E-002  -1.1351E-002  -6.0559E-003  -1.6965E-004  -2.5131E-004   3.3185E-004  -1.3623E-003   3.0114E-003  -3.3467E-003  -5.9681E-005   2.9016E-005  -1.4633E-002   6.3104E-003   4.2291E-002  
-3.4948E-001  -2.2219E-001   6.6791E-001   1.6701E-002  -7.1856E-002  -9.6038E-002   2.4434E-002  -8.1307E-003   5.2770E-003  -7.5987E-003   4.3590E-002  -7.3387E-003  -5.5015E-003  -2.9818E-005  -8.9031E-005   9.0620E-004  -2.7325E-003   1.6349E-003  -1.1383E-003  -1.7970E-005   3.2246E-006  -1.6146E-002   4.1855E-003   2.9072E-002  
-5.5425E-001  -2.3371E-001   4.6881E-001  -7.3505E-003  -5.4099E-002  -4.0771E-002   1.8750E-002  -9.3475E-003   5.7741E-004  -3.1266E-003   4.9785E-002  -3.1046E-003  -4.1257E-003   2.7797E-006  -2.0868E-005   1.3078E-003  -2.6253E-003   6.8739E-004  -1.2915E-004  -3.4858E-006   8.6712E-007  -1.7281E-002   2.6399E-003   1.8240E-002  
-6.8453E-001  -2.4041E-001   2.4041E-001  -2.4470E-002  -2.8835E-002   1.9387E-012   1.0030E-002  -1.0030E-002  -5.5514E-004  -5.5514E-004   5.3264E-002   5.2032E-012  -2.1920E-003   3.4053E-007   6.3890E-012   1.5423E-003  -1.5423E-003   1.2293E-004   1.2293E-004  -1.2631E-006   1.2631E-006  -1.7996E-002   1.7617E-003   1.0895E-002  
-7.2877E-001  -2.4259E-001  -2.1691E-016  -3.0570E-002   1.9835E-015   1.4727E-002  -3.1330E-015  -1.0247E-002   2.3595E-015   2.7395E-004   5.4371E-002   1.1165E-003   5.0923E-016  -3.9020E-006  -1.6277E-015   1.6186E-003  -3.7218E-015  -6.2730E-005   2.7763E-015  -1.3989E-006  -2.5132E-015  -1.8237E-002   1.5102E-003   8.5625E-003  
-6.8453E-001  -2.4041E-001  -2.4041E-001  -2.4470E-002   2.8835E-002   1.9419E-012  -1.0030E-002  -1.0030E-002   5.5514E-004  -5.5514E-004   5.3264E-002   5.2029E-012   2.1920E-003   3.4053E-007  -6.3869E-012   1.5423E-003   1.5423E-003   1.2293E-004  -1.2293E-004  -1.2631E-006  -1.2631E-006  -1.7996E-002   1.7617E-003   1.0895E-002  
-5.5425E-001  -2.3371E-001  -4.6881E-001  -7.3505E-003   5.4099E-002  -4.0771E-002  -1.8750E-002  -9.3475E-003  -5.7741E-004  -3.1266E-003   4.9785E-002  -3.1046E-003   4.1257E-003   2.7797E-006   2.0868E-005   1.3078E-003   2.6253E-003   6.8739E-004   1.2915E-004  -3.4858E-006  -8.6712E-007  -1.7281E-002   2.6399E-003   1.8240E-002  
-3.4948E-001  -2.2219E-001  -6.6791E-001   1.6701E-002   7.1856E-002  -9.6038E-002  -2.4434E-002  -8.1307E-003  -5.2770E-003  -7.5987E-003   4.3590E-002  -7.3387E-003   5.5015E-003  -2.9818E-005   8.9031E-005   9.0620E-004   2.7325E-003   1.6349E-003   1.1383E-003  -1.7970E-005  -3.2246E-006  -1.6146E-002   4.1855E-003   2.9072E-002  
-8.5400E-002  -2.0521E-001  -8.2209E-001   4.1548E-002   7.8799E-002  -1.4799E-001  -2.5049E-002  -6.2548E-003  -1.5853E-002  -1.4303E-002   3.3997E-002  -1.1351E-002   6.0559E-003  -1.6965E-004   2.5131E-004   3.3185E-004   1.3623E-003   3.0114E-003   3.3467E-003  -5.9681E-005  -2.9016E-005  -1.4633E-002   6.3104E-003   4.2291E-002  
 2.1984E-001  -1.8175E-001  -9.1101E-001   5.9068E-002   7.1568E-002  -1.7220E-001  -1.7938E-002  -3.5820E-003  -3.5329E-002  -2.3693E-002   1.9740E-002  -1.3149E-002   5.4753E-003  -6.3526E-004   6.5285E-004  -4.2754E-004  -2.0648E-003   4.9787E-003   7.4292E-003  -2.4236E-004  -1.5533E-004  -1.2817E-002   8.7299E-003   5.0806E-002  
 5.4013E-001  -1.5117E-001  -9.0893E-001   5.8372E-002   4.7155E-002  -1.3783E-001  -3.8545E-004  -7.2173E-005  -6.6628E-002  -3.5916E-002  -1.0358E-003  -9.0673E-003   3.1160E-003  -2.0569E-003   1.6103E-003  -1.6041E-003  -9.5293E-003   7.8579E-003   1.4589E-002  -6.9893E-004  -6.4051E-004  -1.1888E-002   1.0361E-002   4.6292E-002  
 8.5516E-001  -1.1224E-001  -7.8714E-001   2.7447E-002   2.9124E-003  -9.9983E-003   3.1102E-002   4.4248E-003  -1.1376E-001  -5.1459E-002  -3.0664E-002   5.5755E-003  -1.6210E-003  -5.0929E-003   3.2603E-003  -3.3087E-003  -2.3056E-002   1.1731E-002   2.5931E-002  -1.2566E-003  -1.4498E-003  -1.2219E-002   1.1321E-002   5.3468E-002  
 9.1961E-001  -2.0611E-001   7.2063E-001   1.6016E-002   1.7864E-002   2.8672E-002  -3.9028E-002   1.1152E-002   9.2563E-002  -1.0236E-001  -3.8189E-002   9.0926E-003   5.6617E-003  -3.0204E-003  -6.2129E-003  -7.4094E-003   2.5835E-002   2.3325E-002  -2.1083E-002  -1.9948E-003   3.5643E-004  -1.2331E-002   1.1550E-002   5.4698E-002  
 6.1893E-001  -2.8567E-001   8.5630E-001   5.3969E-002  -7.3548E-002  -9.7945E-002  -5.5910E-003   1.8637E-003   4.8928E-002  -7.0775E-002  -7.4968E-003  -5.5053E-003  -4.1609E-003  -9.2691E-004  -3.2411E-003  -3.9774E-003   1.1863E-002   1.5753E-002  -1.0892E-002  -1.2639E-003  -5.9389E-005  -1.1922E-002   1.0593E-002   4.8989E-002  
 3.1291E-001  -3.4823E-001   8.7014E-001   6.1203E-002  -1.2565E-001  -1.3183E-001   1.3306E-002  -5.3321E-003   2.1117E-002  -4.6180E-002   1.4377E-002  -9.8581E-003  -9.4191E-003  -5.7583E-005  -1.3314E-003  -1.4571E-003   3.6074E-003   9.8759E-003  -4.5108E-003  -4.6164E-004  -1.5253E-004  -1.2471E-002   9.2584E-003   4.9422E-002  
 2.0730E-002  -3.9631E-001   7.9151E-001   4.9202E-002  -1.4355E-001  -1.0739E-001   2.1586E-002  -1.0810E-002   4.9162E-003  -2.7322E-002   2.9490E-002  -8.2537E-003  -1.1059E-002   1.2078E-004  -4.2408E-004   1.9318E-004  -3.9582E-004   5.7188E-003  -1.0353E-003  -6.4219E-005  -5.0801E-005  -1.3982E-002   7.2011E-003   4.6851E-002  
-2.3249E-001  -4.3126E-001   6.4627E-001   2.8640E-002  -1.3308E-001  -5.5306E-002   2.2063E-002  -1.4725E-002  -2.7063E-003  -1.3723E-002   3.9598E-002  -4.2298E-003  -1.0197E-002   1.1315E-004  -1.1782E-004   1.3233E-003  -1.9892E-003   2.9171E-003   5.7309E-004  -8.7020E-006  -2.5270E-005  -1.5502E-002   5.1195E-003   3.4715E-002  
-4.2908E-001  -4.5499E-001   4.5499E-001   7.8034E-003  -1.0106E-001  -9.6366E-014   1.7306E-002  -1.7306E-002  -4.6443E-003  -4.6443E-003   4.6107E-002   1.4421E-012  -7.7331E-003   5.3909E-005   1.6246E-012   2.1484E-003  -2.1484E-003   1.0108E-003   1.0108E-003   4.1454E-006  -4.1454E-006  -1.6581E-002   3.5774E-003   2.4638E-002  
-5.5425E-001  -4.6881E-001   2.3371E-001  -7.3505E-003  -5.4099E-002   4.0771E-002   9.3475E-003  -1.8750E-002  -3.1266E-003   5.7741E-004   4.9785E-002   3.1046E-003  -4.1257E-003   2.7797E-006   2.0868E-005   2.6253E-003  -1.3078E-003  -1.2915E-004   6.8739E-004  -8.6711E-007   3.4858E-006  -1.7281E-002   2.6399E-003   1.8240E-002  
-5.9677E-001  -4.7330E-001   3.5319E-015  -1.2793E-002  -2.5694E-015   5.5494E-002   7.2143E-015  -1.9211E-002  -6.0498E-015   2.2617E-003   5.0956E-002   4.2206E-003  -2.0509E-015  -1.6560E-005   3.1166E-015   2.7818E-003   8.9996E-015  -5.0193E-004  -7.6303E-015  -4.0595E-006   6.2981E-015  -1.7515E-002   2.3365E-003   1.6831E-002  
-5.5425E-001  -4.6881E-001  -2.3371E-001  -7.3505E-003   5.4099E-002   4.0771E-002  -9.3475E-003  -1.8750E-002   3.1266E-003   5.7741E-004   4.9785E-002   3.1046E-003   4.1257E-003   2.7797E-006  -2.0868E-005   2.6253E-003   1.3078E-003  -1.2915E-004  -6.8739E-004  -8.6711E-007  -3.4858E-006  -1.7281E-002   2.6399E-003   1.8240E-002  
-4.2908E-001  -4.5499E-001  -4.5499E-001   7.8034E-003   1.0106E-001  -9.6956E-014  -1.7306E-002  -1.7306E-002   4.6443E-003  -4.6443E-003   4.6107E-002   1.4433E-012   7.7331E-003   5.3909E-005  -1.6252E-012   2.1484E-003   2.1484E-003   1.0108E-003  -1.0108E-003   4.1454E-006   4.1454E-006  -1.6581E-002   3.5774E-003   2.4638E-002  
-2.3249E-001  -4.3126E-001  -6.4627E-001   2.8640E-002   1.3308E-001  -5.5306E-002  -2.2063E-002  -1.4725E-002   2.7063E-003  -1.3723E-002   3.9598E-002  -4.2298E-003   1.0197E-002   1.1315E-004   1.1782E-004   1.3233E-003   1.9892E-003   2.9171E-003  -5.7309E-004  -8.7020E-006   2.5270E-005  -1.5502E-002   5.1195E-003   3.4715E-002  
 2.0730E-002  -3.9631E-001  -7.9151E-001   4.9202E-002   1.4355E-001  -1.0739E-001  -2.1586E-002  -1.0810E-002  -4.9162E-003  -2.7322E-002   2.9490E-002  -8.2537E-003   1.1059E-002   1.2078E-004   4.2408E-004   1.9318E-004   3.9582E-004   5.7188E-003   1.0353E-003  -6.4219E-005   5.0801E-005  -1.3982E-002   7.2011E-003   4.6851E-002  
 3.1291E-001  -3.4823E-001  -8.7014E-001   6.1203E-002   1.2565E-001  -1.3183E-001  -1.3306E-002  -5.3321E-003  -2.1117E-002  -4.6180E-002   1.4377E-002  -9.8581E-003   9.4191E-003  -5.7583E-005   1.3314E-003  -1.4571E-003  -3.6074E-003   9.8759E-003   4.5108E-003  -4.6164E-004   1.5253E-004  -1.2471E-002   9.2584E-003   4.9422E-002  
 6.1893E-001  -2.8567E-001  -8.5630E-001   5.3969E-002   7.3548E-002  -9.7945E-002   5.5910E-003   1.8637E-003  -4.8928E-002  -7.0775E-002  -7.4968E-003  -5.5053E-003   4.1609E-003  -9.2691E-004   3.2411E-003  -3.9774E-003  -1.1863E-002   1.5753E-002   1.0892E-002  -1.2639E-003   5.9389E-005  -1.1922E-002   1.0593E-002   4.8989E-002  
 9.1961E-001  -2.0611E-001  -7.2063E-001   1.6016E-002  -1.7864E-002   2.8672E-002   3.9028E-002   1.1152E-002  -9.2563E-002  -1.0236E-001  -3.8189E-002   9.0926E-003  -5.6617E-003  -3.0204E-003   6.2129E-003  -7.4094E-003  -2.5835E-002   2.3325E-002   2.1083E-002  -1.9948E-003  -3.5643E-004  -1.2331E-002   1.1550E-002   5.4698E-002  
 1.0173E+000  -2.6219E-001   6.1172E-001  -9.4923E-003   8.7766E-002   8.3601E-002  -4.9165E-002   2.1084E-002   5.5136E-002  -1.4831E-001  -5.2597E-002   1.5748E-002   1.6519E-002   5.0169E-004  -1.0299E-002  -1.3702E-002   3.1903E-002   3.5781E-002  -1.3337E-002  -2.7667E-003  -1.3303E-003  -1.2612E-002   1.2075E-002   6.5477E-002  
 7.4175E-001  -3.8338E-001   7.6685E-001   4.2902E-002  -5.8435E-002  -4.3827E-002  -1.5889E-002   7.9417E-003   1.8733E-002  -1.0287E-001  -1.8779E-002  -7.3077E-004  -9.9453E-004   1.3401E-003  -4.5247E-003  -7.9247E-003   1.5794E-002   2.3324E-002  -4.2439E-003  -1.2193E-003  -1.1500E-003  -1.2064E-002   1.0963E-002   5.1229E-002  
 4.5833E-001  -4.8004E-001   8.0044E-001   6.0895E-002  -1.4427E-001  -7.7010E-002   5.2659E-003  -3.1649E-003  -3.2860E-003  -6.5808E-002   4.9606E-003  -5.4408E-003  -1.0222E-002   1.1501E-003  -1.7105E-003  -3.7604E-003   6.2453E-003   1.4266E-002   7.0529E-004  -3.2385E-004  -6.7488E-004  -1.2011E-002   1.0027E-002   4.6421E-002  
 1.8689E-001  -5.5465E-001   7.3919E-001   5.7904E-002  -1.7934E-001  -5.2217E-002   1.5593E-002  -1.1701E-002  -1.4053E-002  -3.7290E-002   2.1497E-002  -4.0074E-003  -1.3780E-002   6.6735E-004  -4.1556E-004  -9.4946E-004   1.2538E-003   7.7886E-003   2.9329E-003   1.8294E-005  -2.0498E-004  -1.2976E-002   8.5360E-003   5.0893E-002  
-4.9001E-002  -6.0915E-001   6.0915E-001   4.4338E-002  -1.7220E-001   2.1422E-012   1.7924E-002  -1.7924E-002  -1.6580E-002  -1.6580E-002   3.2495E-002  -1.2328E-013  -1.3245E-002   3.4027E-004   2.4689E-012   7.7061E-004  -7.7061E-004   3.4825E-003   3.4825E-003   4.5817E-005  -4.5817E-005  -1.4415E-002   6.6248E-003   4.3430E-002  
-2.3249E-001  -6.4627E-001   4.3126E-001   2.8640E-002  -1.3308E-001   5.5306E-002   1.4725E-002  -2.2063E-002  -1.3723E-002  -2.7063E-003   3.9598E-002   4.2298E-003  -1.0197E-002   1.1315E-004   1.1782E-004   1.9892E-003  -1.3233E-003   5.7309E-004   2.9171E-003   2.5270E-005   8.7020E-006  -1.5502E-002   5.1195E-003   3.4715E-002  
-3.4948E-001  -6.6791E-001   2.2219E-001   1.6701E-002  -7.1856E-002   9.6038E-002   8.1307E-003  -2.4434E-002  -7.5987E-003   5.2770E-003   4.3590E-002   7.3387E-003  -5.5015E-003  -2.9818E-005   8.9031E-005   2.7325E-003  -9.0620E-004  -1.1383E-003   1.6349E-003  -3.2246E-006   1.7970E-005  -1.6146E-002   4.1855E-003   2.9072E-002  
-3.8924E-001  -6.7494E-001   1.1474E-015   1.2330E-002  -9.7796E-016   1.1074E-001   3.5106E-015  -2.5192E-002  -2.3405E-015   7.8540E-003   4.4865E-002   8.4585E-003  -3.0922E-016  -7.7299E-005   1.4270E-015   2.9806E-003   5.6265E-015  -1.7030E-003  -4.0684E-015  -1.5152E-005   1.3145E-015  -1.6365E-002   3.8738E-003   2.8075E-002  
-3.4948E-001  -6.6791E-001  -2.2219E-001   1.6701E-002   7.1856E-002   9.6038E-002  -8.1307E-003  -2.4434E-002   7.5987E-003   5.2770E-003   4.3590E-002   7.3387E-003   5.5015E-003  -2.9818E-005  -8.9031E-005   2.7325E-003   9.0620E-004  -1.1383E-003  -1.6349E-003  -3.2246E-006  -1.7970E-005  -1.6146E-002   4.1855E-003   2.9072E-002  
-2.3249E-001  -6.4627E-001  -4.3126E-001   2.8640E-002   1.3308E-001   5.5306E-002  -1.4725E-002  -2.2063E-002   1.3723E-002  -2.7063E-003   3.9598E-002   4.2298E-003   1.0197E-002   1.1315E-004  -1.1782E-004   1.9892E-003   1.3233E-003   5.7309E-004  -2.9171E-003   2.5270E-005  -8.7020E-006  -1.5502E-002   5.1195E-003   3.4715E-002  
-4.9001E-002  -6.0915E-001  -6.0915E-001   4.4338E-002   1.7220E-001   2.1417E-012  -1.7924E-002  -1.7924E-002   1.6580E-002  -1.6580E-002   3.2495E-002  -1.2268E-013   1.3245E-002   3.4027E-004  -2.4696E-012   7.7061E-004   7.7061E-004   3.4825E-003  -3.4825E-003   4.5817E-005   4.5817E-005  -1.4415E-002   6.6248E-003   4.3430E-002  
 1.8689E-001  -5.5465E-001  -7.3919E-001   5.7904E-002   1.7934E-001  -5.2217E-002  -1.5593E-002  -1.1701E-002   1.4053E-002  -3.7290E-002   2.1497E-002  -4.0074E-003   1.3780E-002   6.6735E-004   4.1556E-004  -9.4946E-004  -1.2538E-003   7.7886E-003  -2.9329E-003   1.8294E-005   2.0498E-004  -1.2976E-002   8.5360E-003   5.0893E-002  
 4.5833E-001  -4.8004E-001  -8.0044E-001   6.0895E-002   1.4427E-001  -7.7010E-002  -5.2659E-003  -3.1649E-003   3.2860E-003  -6.5808E-002   4.9606E-003  -5.4408E-003   1.0222E-002   1.1501E-003   1.7105E-003  -3.7604E-003  -6.2453E-003   1.4266E-002  -7.0529E-004  -3.2385E-004   6.7488E-004  -1.2011E-002   1.0027E-002   4.6421E-002  
 7.4175E-001  -3.8338E-001  -7.6685E-001   4.2902E-002   5.8435E-002  -4.3827E-002   1.5889E-002   7.9417E-003  -1.8733E-002  -1.0287E-001  -1.8779E-002  -7.3077E-004   9.9453E-004   1.3401E-003   4.5247E-003  -7.9247E-003  -1.5794E-002   2.3324E-002   4.2439E-003  -1.2193E-003   1.1500E-003  -1.2064E-002   1.0963E-002   5.1229E-002  
 1.0173E+000  -2.6219E-001  -6.1172E-001  -9.4923E-003  -8.7766E-002   8.3601E-002   4.9165E-002   2.1084E-002  -5.5136E-002  -1.4831E-001  -5.2597E-002   1.5748E-002  -1.6519E-002   5.0169E-004   1.0299E-002  -1.3702E-002  -3.1903E-002   3.5781E-002   1.3337E-002  -2.7667E-003   1.3303E-003  -1.2612E-002   1.2075E-002   6.5477E-002  
 1.0951E+000  -2.9173E-001   5.1086E-001  -9.0135E-002   2.6959E-001   1.5913E-001  -3.1397E-002   1.7968E-002   2.1491E-003  -1.6347E-001  -8.8042E-002   3.1712E-002   5.3704E-002   1.1089E-002  -2.0192E-002  -3.0211E-002   5.2847E-002   5.0552E-002  -7.2766E-004  -2.3606E-003  -3.7939E-003  -1.3829E-002   9.8767E-003   5.5269E-002  
 8.9840E-001  -4.2441E-001   6.3697E-001   1.9968E-002   1.7068E-002   7.1187E-003  -3.1170E-002   2.0761E-002  -2.5526E-002  -1.3109E-001  -3.5703E-002   3.4649E-003   8.3194E-003   4.6558E-003  -4.6990E-003  -1.4266E-002   2.1360E-002   2.9847E-002   5.8161E-003  -4.1298E-004  -1.9417E-003  -1.2340E-002   1.1470E-002   5.4240E-002  
 6.4406E-001  -5.5886E-001   6.9921E-001   5.2106E-002  -1.1094E-001  -2.5080E-002  -6.3391E-003   5.0527E-003  -3.9109E-002  -8.0575E-002  -9.7018E-003  -1.3096E-003  -5.7330E-003   3.2957E-003  -1.5652E-003  -8.4591E-003   1.0556E-002   1.8027E-002   8.7709E-003   3.1106E-004  -1.3256E-003  -1.1977E-002   1.0661E-002   5.0273E-002  
 3.9982E-001  -6.6291E-001   6.6291E-001   6.1576E-002  -1.7288E-001   1.3602E-012   6.9023E-003  -6.9023E-003  -4.2049E-002  -4.2049E-002   8.8868E-003  -1.4695E-012  -1.2587E-002   1.7310E-003  -1.0660E-013  -4.1411E-003   4.1411E-003   9.0684E-003   9.0684E-003   4.3874E-004  -4.3874E-004  -1.2212E-002   9.7176E-003   4.7808E-002  
 1.8689E-001  -7.3919E-001   5.5465E-001   5.7904E-002  -1.7934E-001   5.2217E-002   1.1701E-002  -1.5593E-002  -3.7290E-002  -1.4053E-002   2.1497E-002   4.0074E-003  -1.3780E-002   6.6735E-004   4.1556E-004  -1.2538E-003   9.4946E-004   2.9329E-003   7.7886E-003   2.0498E-004  -1.8294E-005  -1.2976E-002   8.5360E-003   5.0893E-002  
 2.0730E-002  -7.9151E-001   3.9631E-001   4.9202E-002  -1.4355E-001   1.0739E-001   1.0810E-002  -2.1586E-002  -2.7322E-002   4.9162E-003   2.9490E-002   8.2537E-003  -1.1059E-002   1.2078E-004   4.2408E-004   3.9582E-004  -1.9318E-004  -1.0353E-003   5.7188E-003   5.0801E-005   6.4219E-005  -1.3982E-002   7.2011E-003   4.6851E-002  
-8.5400E-002  -8.2209E-001   2.0521E-001   4.1548E-002  -7.8799E-002   1.4799E-001   6.2548E-003  -2.5049E-002  -1.4303E-002   1.5853E-002   3.3997E-002   1.1351E-002  -6.0559E-003  -1.6965E-004   2.5131E-004   1.3623E-003  -3.3185E-004  -3.3467E-003   3.0114E-003  -2.9016E-005   5.9681E-005  -1.4633E-002   6.3104E-003   4.2291E-002  
-1.2151E-001  -8.3204E-001  -7.7306E-016   3.8618E-002  -3.3200E-016   1.6263E-001   1.8536E-016  -2.6163E-002   1.8792E-015   1.9382E-002   3.5430E-002   1.2468E-002   6.8221E-016  -2.6357E-004  -1.6792E-015   1.6876E-003  -4.8649E-016  -4.1014E-003   1.5206E-016  -5.7206E-005  -8.3416E-016  -1.4847E-002   6.0098E-003   4.1924E-002  
-8.5400E-002  -8.2209E-001  -2.0521E-001   4.1548E-002   7.8799E-002   1.4799E-001  -6.2548E-003  -2.5049E-002   1.4303E-002   1.5853E-002   3.3997E-002   1.1351E-002   6.0559E-003  -1.6965E-004  -2.5131E-004   1.3623E-003   3.3185E-004  -3.3467E-003  -3.0114E-003  -2.9016E-005  -5.9681E-005  -1.4633E-002   6.3104E-003   4.2291E-002  
 2.0730E-002  -7.9151E-001  -3.9631E-001   4.9202E-002   1.4355E-001   1.0739E-001  -1.0810E-002  -2.1586E-002   2.7322E-002   4.9162E-003   2.9490E-002   8.2537E-003   1.1059E-002   1.2078E-004  -4.2408E-004   3.9582E-004   1.9318E-004  -1.0353E-003  -5.7188E-003   5.0801E-005  -6.4219E-005  -1.3982E-002   7.2011E-003   4.6851E-002  
 1.8689E-001  -7.3919E-001  -5.5465E-001   5.7904E-002   1.7934E-001   5.2217E-002  -1.1701E-002  -1.5593E-002   3.7290E-002  -1.4053E-002   2.1497E-002   4.0074E-003   1.3780E-002   6.6735E-004  -4.1556E-004  -1.2538E-003  -9.4946E-004   2.9329E-003  -7.7886E-003   2.0498E-004   1.8294E-005  -1.2976E-002   8.5360E-003   5.0893E-002  
 3.9982E-001  -6.6291E-001  -6.6291E-001   6.1576E-002   1.7288E-001   1.3605E-012  -6.9023E-003  -6.9023E-003   4.2049E-002  -4.2049E-002   8.8868E-003  -1.4680E-012   1.2587E-002   1.7310E-003   1.0676E-013  -4.1411E-003  -4.1411E-003   9.0684E-003  -9.0684E-003   4.3874E-004   4.3874E-004  -1.2212E-002   9.7176E-003   4.7808E-002  
 6.4406E-001  -5.5886E-001  -6.9921E-001   5.2106E-002   1.1094E-001  -2.5080E-002   6.3391E-003   5.0527E-003   3.9109E-002  -8.0575E-002  -9.7018E-003  -1.3096E-003   5.7330E-003   3.2957E-003   1.5652E-003  -8.4591E-003  -1.0556E-002   1.8027E-002  -8.7709E-003   3.1106E-004   1.3256E-003  -1.1977E-002   1.0661E-002   5.0273E-002  
 8.9840E-001  -4.2441E-001  -6.3697E-001   1.9968E-002  -1.7068E-002   7.1187E-003   3.1170E-002   2.0761E-002   2.5526E-002  -1.3109E-001  -3.5703E-002   3.4649E-003  -8.3194E-003   4.6558E-003   4.6990E-003  -1.4266E-002  -2.1360E-002   2.9847E-002  -5.8161E-003  -4.1298E-004   1.9417E-003  -1.2340E-002   1.1470E-002   5.4240E-002  
 1.0951E+000  -2.9173E-001  -5.1086E-001  -9.0135E-002  -2.6959E-001   1.5913E-001   3.1397E-002   1.7968E-002  -2.1491E-003  -1.6347E-001  -8.8042E-002   3.1712E-002  -5.3704E-002   1.1089E-002   2.0192E-002  -3.0211E-002  -5.2847E-002   5.0552E-002   7.2766E-004  -2.3606E-003   3.7939E-003  -1.3829E-002   9.8767E-003   5.5269E-002  
 6.4406E-001  -6.9921E-001   5.5886E-001   5.2106E-002  -1.1094E-001   2.5080E-002  -5.0527E-003   6.3391E-003  -8.0575E-002  -3.9109E-002  -9.7018E-003   1.3096E-003  -5.7330E-003   3.2957E-003   1.5652E-003  -1.0556E-002   8.4591E-003   8.7709E-003   1.8027E-002   1.3256E-003  -3.1106E-004  -1.1977E-002   1.0661E-002   5.0273E-002  
 4.5833E-001  -8.0044E-001   4.8004E-001   6.0895E-002  -1.4427E-001   7.7010E-002   3.1649E-003  -5.2659E-003  -6.5808E-002  -3.2860E-003   4.9606E-003   5.4408E-003  -1.0222E-002   1.1501E-003   1.7105E-003  -6.2453E-003   3.7604E-003   7.0529E-004   1.4266E-002   6.7488E-004   3.2385E-004  -1.2011E-002   1.0027E-002   4.6421E-002  
 3.1291E-001  -8.7014E-001   3.4823E-001   6.1203E-002  -1.2565E-001   1.3183E-001   5.3321E-003  -1.3306E-002  -4.6180E-002   2.1117E-002   1.4377E-002   9.8581E-003  -9.4191E-003  -5.7583E-005   1.3314E-003  -3.6074E-003   1.4571E-003  -4.5108E-003   9.8759E-003   1.5253E-004   4.6164E-004  -1.2471E-002   9.2584E-003   4.9422E-002  
 2.1984E-001  -9.1101E-001   1.8175E-001   5.9068E-002  -7.1568E-002   1.7220E-001   3.5820E-003  -1.7938E-002  -2.3693E-002   3.5329E-002   1.9740E-002   1.3149E-002  -5.4753E-003  -6.3526E-004   6.5285E-004  -2.0648E-003   4.2754E-004  -7.4292E-003   4.9787E-003  -1.5533E-004   2.4236E-004  -1.2817E-002   8.7299E-003   5.0806E-002  
 1.8813E-001  -9.2434E-001   1.0513E-015   5.7945E-002   1.9615E-015   1.8676E-001   4.3849E-016  -1.9456E-002  -7.2695E-016   3.9930E-002   2.1431E-002   1.4317E-002  -5.7065E-016  -7.8587E-004   8.2192E-016  -1.5888E-003   8.5612E-016  -8.3677E-003  -2.3179E-015  -2.0851E-004   3.2168E-016  -1.2979E-002   8.5197E-003   5.1489E-002  
 2.1984E-001  -9.1101E-001  -1.8175E-001   5.9068E-002   7.1568E-002   1.7220E-001  -3.5820E-003  -1.7938E-002   2.3693E-002   3.5329E-002   1.9740E-002   1.3149E-002   5.4753E-003  -6.3526E-004  -6.5285E-004  -2.0648E-003  -4.2754E-004  -7.4292E-003  -4.9787E-003  -1.5533E-004  -2.4236E-004  -1.2817E-002   8.7299E-003   5.0806E-002  
 3.1291E-001  -8.7014E-001  -3.4823E-001   6.1203E-002   1.2565E-001   1.3183E-001  -5.3321E-003  -1.3306E-002   4.6180E-002   2.1117E-002   1.4377E-002   9.8581E-003   9.4191E-003  -5.7583E-005  -1.3314E-003  -3.6074E-003  -1.4571E-003  -4.5108E-003  -9.8759E-003   1.5253E-004  -4.6164E-004  -1.2471E-002   9.2584E-003   4.9422E-002  
 4.5833E-001  -8.0044E-001  -4.8004E-001   6.0895E-002   1.4427E-001   7.7010E-002  -3.1649E-003  -5.2659E-003   6.5808E-002  -3.2860E-003   4.9606E-003   5.4408E-003   1.0222E-002   1.1501E-003  -1.7105E-003  -6.2453E-003  -3.7604E-003   7.0529E-004  -1.4266E-002   6.7488E-004  -3.2385E-004  -1.2011E-002   1.0027E-002   4.6421E-002  
 6.4406E-001  -6.9921E-001  -5.5886E-001   5.2106E-002   1.1094E-001   2.5080E-002   5.0527E-003   6.3391E-003   8.0575E-002  -3.9109E-002  -9.7018E-003   1.3096E-003   5.7330E-003   3.2957E-003  -1.5652E-003  -1.0556E-002  -8.4591E-003   8.7709E-003  -1.8027E-002   1.3256E-003   3.1106E-004  -1.1977E-002   1.0661E-002   5.0273E-002  
 8.9840E-001  -6.3697E-001   4.2441E-001   1.9968E-002   1.7068E-002  -7.1187E-003  -2.0761E-002   3.1170E-002  -1.3109E-001  -2.5526E-002  -3.5703E-002  -3.4649E-003   8.3194E-003   4.6558E-003   4.6990E-003  -2.1360E-002   1.4266E-002   5.8161E-003   2.9847E-002   1.9417E-003   4.1298E-004  -1.2340E-002   1.1470E-002   5.4240E-002  
 7.4175E-001  -7.6685E-001   3.8338E-001   4.2902E-002  -5.8435E-002   4.3827E-002  -7.9417E-003   1.5889E-002  -1.0287E-001   1.8733E-002  -1.8779E-002   7.3077E-004  -9.9453E-004   1.3401E-003   4.5247E-003  -1.5794E-002   7.9247E-003  -4.2439E-003   2.3324E-002   1.1500E-003   1.2193E-003  -1.2064E-002   1.0963E-002   5.1229E-002  
 6.1893E-001  -8.5630E-001   2.8567E-001   5.3969E-002  -7.3548E-002   9.7945E-002  -1.8637E-003   5.5910E-003  -7.0775E-002   4.8928E-002  -7.4968E-003   5.5053E-003  -4.1609E-003  -9.2691E-004   3.2411E-003  -1.1863E-002   3.9774E-003  -1.0892E-002   1.5753E-002   5.9389E-005   1.2639E-003  -1.1922E-002   1.0593E-002   4.8989E-002  
 5.4013E-001  -9.0893E-001   1.5117E-001   5.8372E-002  -4.7155E-002   1.3783E-001   7.2173E-005  -3.8545E-004  -3.5916E-002   6.6628E-002  -1.0358E-003   9.0673E-003  -3.1160E-003  -2.0569E-003   1.6103E-003  -9.5293E-003   1.6041E-003  -1.4589E-002   7.8579E-003  -6.4051E-004   6.9893E-004  -1.1888E-002   1.0361E-002   4.6292E-002  
 5.1324E-001  -9.2613E-001  -2.7721E-015   5.9440E-002  -6.7418E-016   1.5221E-001  -1.6785E-015  -2.3438E-003   3.6677E-015   7.2379E-002   1.0244E-003   1.0341E-002   2.2152E-016  -2.3792E-003  -1.5908E-015  -8.7930E-003  -3.9586E-015  -1.5769E-002   2.2112E-015  -8.4707E-004  -1.4018E-015  -1.1888E-002   1.0272E-002   4.5781E-002  
 5.4013E-001  -9.0893E-001  -1.5117E-001   5.8372E-002   4.7155E-002   1.3783E-001  -7.2173E-005  -3.8545E-004   3.5916E-002   6.6628E-002  -1.0358E-003   9.0673E-003   3.1160E-003  -2.0569E-003  -1.6103E-003  -9.5293E-003  -1.6041E-003  -1.4589E-002  -7.8579E-003  -6.4051E-004  -6.9893E-004  -1.1888E-002   1.0361E-002   4.6292E-002  
 6.1893E-001  -8.5630E-001  -2.8567E-001   5.3969E-002   7.3548E-002   9.7945E-002   1.8637E-003   5.5910E-003   7.0775E-002   4.8928E-002  -7.4968E-003   5.5053E-003   4.1609E-003  -9.2691E-004  -3.2411E-003  -1.1863E-002  -3.9774E-003  -1.0892E-002  -1.5753E-002   5.9389E-005  -1.2639E-003  -1.1922E-002   1.0593E-002   4.8989E-002  
 7.4175E-001  -7.6685E-001  -3.8338E-001   4.2902E-002   5.8435E-002   4.3827E-002   7.9417E-003   1.5889E-002   1.0287E-001   1.8733E-002  -1.8779E-002   7.3077E-004   9.9453E-004   1.3401E-003  -4.5247E-003  -1.5794E-002  -7.9247E-003  -4.2439E-003  -2.3324E-002   1.1500E-003  -1.2193E-003  -1.2064E-002   1.0963E-002   5.1229E-002  
 8.9840E-001  -6.3697E-001  -4.2441E-001   1.9968E-002  -1.7068E-002  -7.1187E-003   2.0761E-002   3.1170E-002   1.3109E-001  -2.5526E-002  -3.5703E-002  -3.4649E-003  -8.3194E-003   4.6558E-003  -4.6990E-003  -2.1360E-002  -1.4266E-002   5.8161E-003  -2.9847E-002   1.9417E-003  -4.1298E-004  -1.2340E-002   1.1470E-002   5.4240E-002  
 1.0951E+000  -5.1086E-001   2.9173E-001  -9.0135E-002   2.6959E-001  -1.5913E-001  -1.7968E-002   3.1397E-002  -1.6347E-001   2.1491E-003  -8.8042E-002  -3.1712E-002   5.3704E-002   1.1089E-002   2.0192E-002  -5.2847E-002   3.0211E-002  -7.2766E-004   5.0552E-002   3.7939E-003   2.3606E-003  -1.3829E-002   9.8767E-003   5.5269E-002  
 1.0173E+000  -6.1172E-001   2.6219E-001  -9.4923E-003   8.7766E-002  -8.3601E-002  -2.1084E-002   4.9165E-002  -1.4831E-001   5.5136E-002  -5.2597E-002  -1.5748E-002   1.6519E-002   5.0169E-004   1.0299E-002  -3.1903E-002   1.3702E-002  -1.3337E-002   3.5781E-002   1.3303E-003   2.7667E-003  -1.2612E-002   1.2075E-002   6.5477E-002  
 9.1961E-001  -7.2063E-001   2.0611E-001   1.6016E-002   1.7864E-002  -2.8672E-002  -1.1152E-002   3.9028E-002  -1.0236E-001   9.2563E-002  -3.8189E-002  -9.0926E-003   5.6617E-003  -3.0205E-003   6.2129E-003  -2.5835E-002   7.4094E-003  -2.1083E-002   2.3325E-002  -3.5643E-004   1.9948E-003  -1.2331E-002   1.1550E-002   5.4698E-002  
 8.5516E-001  -7.8714E-001   1.1224E-001   2.7447E-002  -2.9124E-003   9.9983E-003  -4.4248E-003   3.1102E-002  -5.1459E-002   1.1376E-001  -3.0664E-002  -5.5755E-003   1.6210E-003  -5.0929E-003   3.2603E-003  -2.3056E-002   3.3087E-003  -2.5931E-002   1.1731E-002  -1.4498E-003   1.2566E-003  -1.2219E-002   1.1321E-002   5.3468E-002  
 8.3317E-001  -8.0889E-001   7.3109E-016   3.0858E-002   5.9522E-016   2.3976E-002  -1.7533E-015   2.8529E-002  -1.1381E-015   1.2065E-001  -2.8233E-002  -4.3159E-003  -1.0112E-015  -5.7537E-003   6.9065E-016  -2.2163E-002  -9.9691E-016  -2.7496E-002  -1.1870E-015  -1.8599E-003   2.8170E-016  -1.2209E-002   1.1230E-002   5.3008E-002  
 8.5516E-001  -7.8714E-001  -1.1224E-001   2.7447E-002   2.9124E-003   9.9983E-003   4.4248E-003   3.1102E-002   5.1459E-002   1.1376E-001  -3.0664E-002  -5.5755E-003  -1.6210E-003  -5.0929E-003  -3.2603E-003  -2.3056E-002  -3.3087E-003  -2.5931E-002  -1.1731E-002  -1.4498E-003  -1.2566E-003  -1.2219E-002   1.1321E-002   5.3468E-002  
 9.1961E-001  -7.2063E-001  -2.0611E-001   1.6016E-002  -1.7864E-002  -2.8672E-002   1.1152E-002   3.9028E-002   1.0236E-001   9.2563E-002  -3.8189E-002  -9.0926E-003  -5.6617E-003  -3.0205E-003  -6.2129E-003  -2.5835E-002  -7.4094E-003  -2.1083E-002  -2.3325E-002  -3.5643E-004  -1.9948E-003  -1.2331E-002   1.1550E-002   5.4698E-002  
 1.0173E+000  -6.1172E-001  -2.6219E-001  -9.4923E-003  -8.7766E-002  -8.3601E-002   2.1084E-002   4.9165E-002   1.4831E-001   5.5136E-002  -5.2597E-002  -1.5748E-002  -1.6519E-002   5.0169E-004  -1.0299E-002  -3.1903E-002  -1.3702E-002  -1.3337E-002  -3.5781E-002   1.3303E-003  -2.7667E-003  -1.2612E-002   1.2075E-002   6.5477E-002  
 1.0951E+000  -5.1086E-001  -2.9173E-001  -9.0135E-002  -2.6959E-001  -1.5913E-001   1.7968E-002   3.1397E-002   1.6347E-001   2.1491E-003  -8.8042E-002  -3.1712E-002  -5.3704E-002   1.1089E-002  -2.0192E-002  -5.2847E-002  -3.0211E-002  -7.2766E-004  -5.0552E-002   3.7939E-003  -2.3606E-003  -1.3829E-002   9.8767E-003   5.5269E-002  
