 1.4807E+000   7.7604E-001   4.4313E-001  -1.2769E-001  -4.2580E-001  -2.5139E-001  -1.6401E-002  -2.8507E-002  -2.0982E-001  -2.6950E-003  -1.1493E-001  -3.5186E-002  -5.9416E-002   1.4157E-002  -2.5820E-002   6.3315E-002   3.6171E-002   9.8606E-004   6.5319E-002  -4.9061E-003   3.0437E-003  -1.6113E-002   1.2982E-002   7.3807E-002  
 1.3875E+000   9.0305E-001   3.8706E-001  -2.1699E-002  -1.7145E-001  -1.6327E-001  -2.2533E-002  -5.2566E-002  -1.9008E-001  -7.0690E-002  -6.8868E-002  -1.3118E-002  -1.3776E-002   6.6519E-004  -1.3232E-002   3.5684E-002   1.5338E-002   1.7195E-002   4.6179E-002  -1.7708E-003   3.6558E-003  -1.4327E-002   1.5954E-002   8.7095E-002  
 1.2669E+000   1.0407E+000   2.9766E-001   1.2475E-002  -6.1506E-002  -9.8727E-002  -1.1491E-002  -4.0223E-002  -1.3113E-001  -1.1858E-001  -5.0306E-002  -3.6617E-003  -2.2779E-003  -3.8835E-003  -7.9912E-003   2.7808E-002   7.9804E-003   2.7204E-002   3.0097E-002   4.7431E-004   2.6548E-003  -1.3946E-002   1.5295E-002   7.3541E-002  
 1.1869E+000   1.1246E+000   1.6036E-001   2.8017E-002  -1.5278E-002  -5.2497E-002  -4.3391E-003  -3.0525E-002  -6.5914E-002  -1.4571E-001  -4.0591E-002   1.4543E-003   4.2587E-004  -6.5428E-003  -4.1896E-003   2.4166E-002   3.4737E-003   3.3443E-002   1.5130E-002   1.9287E-003   1.6718E-003  -1.3784E-002   1.5001E-002   7.1862E-002  
 1.1595E+000   1.1521E+000  -1.2830E-015   3.2671E-002  -6.0787E-016  -3.5661E-002   1.6915E-015  -2.7380E-002  -1.0138E-015  -1.5454E-001  -3.7454E-002   3.2707E-003  -1.5969E-015  -7.3881E-003   4.5288E-016   2.2997E-002  -1.0403E-015   3.5454E-002  -2.1675E-015   2.4736E-003  -1.9175E-015  -1.3766E-002   1.4884E-002   7.1323E-002  
 1.1869E+000   1.1246E+000  -1.6036E-001   2.8017E-002   1.5278E-002  -5.2497E-002   4.3391E-003  -3.0525E-002   6.5914E-002  -1.4571E-001  -4.0591E-002   1.4543E-003  -4.2587E-004  -6.5428E-003   4.1896E-003   2.4166E-002  -3.4737E-003   3.3443E-002  -1.5130E-002   1.9287E-003  -1.6718E-003  -1.3784E-002   1.5001E-002   7.1862E-002  
 1.2669E+000   1.0407E+000  -2.9766E-001   1.2475E-002   6.1506E-002  -9.8727E-002   1.1491E-002  -4.0223E-002   1.3113E-001  -1.1858E-001  -5.0306E-002  -3.6617E-003   2.2779E-003  -3.8835E-003   7.9912E-003   2.7808E-002  -7.9804E-003   2.7204E-002  -3.0097E-002   4.7431E-004  -2.6548E-003  -1.3946E-002   1.5295E-002   7.3541E-002  
 1.3875E+000   9.0305E-001  -3.8706E-001  -2.1699E-002   1.7145E-001  -1.6327E-001   2.2533E-002  -5.2566E-002   1.9008E-001  -7.0690E-002  -6.8868E-002  -1.3118E-002   1.3776E-002   6.6519E-004   1.3232E-002   3.5684E-002  -1.5338E-002   1.7195E-002  -4.6179E-002  -1.7708E-003  -3.6558E-003  -1.4327E-002   1.5954E-002   8.7095E-002  
 1.4807E+000   7.7604E-001  -4.4313E-001  -1.2769E-001   4.2580E-001  -2.5139E-001   1.6401E-002  -2.8507E-002   2.0982E-001  -2.6950E-003  -1.1493E-001  -3.5186E-002   5.9416E-002   1.4157E-002   2.5820E-002   6.3315E-002  -3.6171E-002   9.8606E-004  -6.5319E-002  -4.9061E-003  -3.0437E-003  -1.6113E-002   1.2982E-002   7.3807E-002  
 1.2406E+000   9.1639E-001   6.1058E-001   1.7842E-002  -8.7713E-002  -3.6599E-002  -2.1099E-002  -3.1681E-002  -1.6793E-001   3.2699E-002  -4.7098E-002  -8.7262E-004  -2.1133E-003   5.9858E-003  -6.0412E-003   2.2807E-002   1.5241E-002  -7.5034E-003   3.8506E-002  -2.5836E-003   5.4961E-004  -1.3953E-002   1.5193E-002   7.2933E-002  
 1.0455E+000   1.0802E+000   5.4005E-001   4.9184E-002   2.6920E-002   2.0181E-002  -6.5049E-003  -1.3017E-002  -1.3175E-001  -2.3993E-002  -2.5257E-002   5.8437E-003   7.8169E-003   1.7189E-003  -5.7988E-003   1.5517E-002   7.7949E-003   5.4671E-003   3.0048E-002  -1.5278E-003   1.6196E-003  -1.3558E-002   1.4543E-002   6.8883E-002  
 8.9173E-001   1.1929E+000   3.9797E-001   6.4584E-002   6.2937E-002   8.3804E-002  -1.5824E-004  -4.8229E-004  -9.0636E-002  -6.2658E-002  -1.0711E-002   1.2949E-002   9.7585E-003  -1.1803E-003  -4.1310E-003   1.0377E-002   3.4878E-003   1.4011E-002   2.0265E-002  -7.8407E-005   1.6735E-003  -1.3352E-002   1.4068E-002   6.5872E-002  
 7.9268E-001   1.2592E+000   2.0942E-001   7.0890E-002   4.5026E-002   1.3159E-001   1.1381E-003   6.7782E-003  -4.5992E-002  -8.5321E-002  -2.3890E-003   1.8117E-002   6.2163E-003  -2.6062E-003  -2.0414E-003   7.3302E-003   1.2446E-003   1.8747E-002   1.0097E-002   8.4508E-004   9.2209E-004  -1.3295E-002   1.3768E-002   6.2224E-002  
 7.5884E-001   1.2808E+000  -8.5086E-016   7.2463E-002  -8.0180E-016   1.4896E-001  -5.1744E-015   9.1569E-003   4.2045E-015  -9.2683E-002   2.6291E-004   1.9948E-002   3.1451E-015  -3.0086E-003  -3.2189E-015   6.3712E-003  -7.3917E-015   2.0257E-002   1.4015E-015   1.1159E-003  -1.9067E-015  -1.3294E-002   1.3652E-002   6.1372E-002  
 7.9268E-001   1.2592E+000  -2.0942E-001   7.0890E-002  -4.5026E-002   1.3159E-001  -1.1381E-003   6.7782E-003   4.5992E-002  -8.5321E-002  -2.3890E-003   1.8117E-002  -6.2163E-003  -2.6062E-003   2.0414E-003   7.3302E-003  -1.2446E-003   1.8747E-002  -1.0097E-002   8.4508E-004  -9.2209E-004  -1.3295E-002   1.3768E-002   6.2224E-002  
 8.9173E-001   1.1929E+000  -3.9797E-001   6.4584E-002  -6.2937E-002   8.3804E-002   1.5824E-004  -4.8229E-004   9.0636E-002  -6.2658E-002  -1.0711E-002   1.2949E-002  -9.7585E-003  -1.1803E-003   4.1310E-003   1.0377E-002  -3.4878E-003   1.4011E-002  -2.0265E-002  -7.8407E-005  -1.6735E-003  -1.3352E-002   1.4068E-002   6.5872E-002  
 1.0455E+000   1.0802E+000  -5.4005E-001   4.9184E-002  -2.6920E-002   2.0181E-002   6.5049E-003  -1.3017E-002   1.3175E-001  -2.3993E-002  -2.5257E-002   5.8437E-003  -7.8169E-003   1.7189E-003   5.7988E-003   1.5517E-002  -7.7949E-003   5.4671E-003  -3.0048E-002  -1.5278E-003  -1.6196E-003  -1.3558E-002   1.4543E-002   6.8883E-002  
 1.2406E+000   9.1639E-001  -6.1058E-001   1.7842E-002   8.7713E-002  -3.6599E-002   2.1099E-002  -3.1681E-002   1.6793E-001   3.2699E-002  -4.7098E-002  -8.7262E-004   2.1133E-003   5.9858E-003   6.0412E-003   2.2807E-002  -1.5241E-002  -7.5034E-003  -3.8506E-002  -2.5836E-003  -5.4961E-004  -1.3953E-002   1.5193E-002   7.2933E-002  
 9.2326E-001   9.7604E-001   7.8012E-001   6.1966E-002   8.9808E-002   2.0309E-002  -1.9336E-003  -2.4425E-003  -1.0319E-001   5.0084E-002  -1.3554E-002   3.3397E-003   1.4695E-002   4.2072E-003  -1.9976E-003   9.5216E-003   7.6396E-003  -1.1287E-002   2.3196E-002  -1.7567E-003  -4.1228E-004  -1.3427E-002   1.4154E-002   6.7654E-002  
 6.8964E-001   1.1034E+000   6.6176E-001   7.4715E-002   1.4679E-001   7.8353E-002   7.0053E-003   1.1666E-002  -8.4258E-002   4.2076E-003   5.3232E-003   9.9610E-003   1.8699E-002   1.4526E-003  -2.1598E-003   3.9049E-003   2.3615E-003  -9.0512E-004   1.8318E-002  -8.8830E-004   4.2657E-004  -1.3453E-002   1.3326E-002   6.2136E-002  
 5.0589E-001   1.1911E+000   4.7666E-001   7.5985E-002   1.3618E-001   1.4287E-001   8.5857E-003   2.1430E-002  -5.9106E-002  -2.7027E-002   1.7421E-002   1.6579E-002   1.5832E-002  -7.1589E-005  -1.6710E-003   4.9000E-004   2.1378E-004   5.7857E-003   1.2667E-002  -2.0012E-004   6.0694E-004  -1.4059E-002   1.2304E-002   6.6136E-002  
 3.8798E-001   1.2424E+000   2.4787E-001   7.3713E-002   7.9501E-002   1.9129E-001   5.3985E-003   2.7035E-002  -3.0319E-002  -4.5209E-002   2.4307E-002   2.1379E-002   8.8995E-003  -7.8820E-004  -8.1143E-004  -1.5051E-003  -2.8013E-004   9.5193E-003   6.3793E-003   2.0291E-004   3.1664E-004  -1.4515E-002   1.1602E-002   6.8015E-002  
 3.4776E-001   1.2591E+000   4.7872E-016   7.2414E-002  -9.9684E-016   2.0887E-001   4.1920E-015   2.8870E-002   1.5543E-016  -5.1093E-002   2.6476E-002   2.3069E-002  -2.3109E-015  -9.7104E-004   4.5830E-015  -2.1182E-003   4.4215E-015   1.0719E-002  -3.0505E-015   2.7069E-004   2.5181E-016  -1.4731E-002   1.1322E-002   6.8941E-002  
 3.8798E-001   1.2424E+000  -2.4787E-001   7.3713E-002  -7.9501E-002   1.9129E-001  -5.3985E-003   2.7035E-002   3.0319E-002  -4.5209E-002   2.4307E-002   2.1379E-002  -8.8995E-003  -7.8820E-004   8.1143E-004  -1.5051E-003   2.8013E-004   9.5193E-003  -6.3793E-003   2.0291E-004  -3.1664E-004  -1.4515E-002   1.1602E-002   6.8015E-002  
 5.0589E-001   1.1911E+000  -4.7666E-001   7.5985E-002  -1.3618E-001   1.4287E-001  -8.5857E-003   2.1430E-002   5.9106E-002  -2.7027E-002   1.7421E-002   1.6579E-002  -1.5832E-002  -7.1589E-005   1.6710E-003   4.9000E-004  -2.1378E-004   5.7857E-003  -1.2667E-002  -2.0012E-004  -6.0694E-004  -1.4059E-002   1.2304E-002   6.6136E-002  
 6.8964E-001   1.1034E+000  -6.6176E-001   7.4715E-002  -1.4679E-001   7.8353E-002  -7.0053E-003   1.1666E-002   8.4258E-002   4.2076E-003   5.3232E-003   9.9610E-003  -1.8699E-002   1.4526E-003   2.1598E-003   3.9049E-003  -2.3615E-003  -9.0512E-004  -1.8318E-002  -8.8830E-004  -4.2657E-004  -1.3453E-002   1.3326E-002   6.2136E-002  
 9.2326E-001   9.7604E-001  -7.8012E-001   6.1966E-002  -8.9808E-002   2.0309E-002   1.9336E-003  -2.4425E-003   1.0319E-001   5.0084E-002  -1.3554E-002   3.3397E-003  -1.4695E-002   4.2072E-003   1.9976E-003   9.5216E-003  -7.6396E-003  -1.1287E-002  -2.3196E-002  -1.7567E-003   4.1228E-004  -1.3427E-002   1.4154E-002   6.7654E-002  
 1.4807E+000   4.4313E-001   7.7604E-001  -1.2769E-001  -4.2580E-001   2.5139E-001  -2.8507E-002  -1.6401E-002   2.6950E-003   2.0982E-001  -1.1493E-001   3.5186E-002  -5.9416E-002   1.4157E-002   2.5820E-002   3.6171E-002   6.3315E-002  -6.5319E-002  -9.8606E-004   3.0437E-003  -4.9061E-003  -1.6113E-002   1.2982E-002   7.3807E-002  
 1.2406E+000   6.1058E-001   9.1639E-001   1.7842E-002  -8.7713E-002   3.6599E-002  -3.1681E-002  -2.1099E-002  -3.2699E-002   1.6793E-001  -4.7098E-002   8.7262E-004  -2.1133E-003   5.9858E-003   6.0412E-003   1.5241E-002   2.2807E-002  -3.8506E-002   7.5034E-003   5.4961E-004  -2.5836E-003  -1.3953E-002   1.5193E-002   7.2933E-002  
 9.2326E-001   7.8012E-001   9.7604E-001   6.1966E-002   8.9808E-002  -2.0309E-002  -2.4425E-003  -1.9336E-003  -5.0084E-002   1.0319E-001  -1.3554E-002  -3.3397E-003   1.4695E-002   4.2072E-003   1.9976E-003   7.6396E-003   9.5216E-003  -2.3196E-002   1.1287E-002  -4.1228E-004  -1.7567E-003  -1.3427E-002   1.4154E-002   6.7654E-002  
 6.1578E-001   9.1106E-001   9.1106E-001   7.5964E-002   1.8135E-001   2.6563E-012   1.2600E-002   1.2600E-002  -5.3830E-002   5.3830E-002   1.0367E-002  -2.0592E-012   2.2111E-002   2.1804E-003  -8.6123E-013   2.0201E-003   2.0201E-003  -1.1639E-002   1.1639E-002  -5.7687E-004  -5.7687E-004  -1.3718E-002   1.2915E-002   6.3948E-002  
 3.4619E-001   1.0069E+000   7.5549E-001   7.2367E-002   2.0062E-001   5.8413E-002   1.7355E-002   2.3126E-002  -4.7717E-002   1.7982E-002   2.6560E-002   6.4538E-003   2.2187E-002   8.2517E-004  -5.1300E-004  -1.7147E-003  -1.2752E-003  -3.7562E-003   9.9755E-003  -2.6570E-004  -2.3788E-005  -1.4725E-002   1.1344E-002   6.8152E-002  
 1.3505E-001   1.0725E+000   5.3699E-001   6.1836E-002   1.6493E-001   1.2338E-001   1.5209E-002   3.0370E-002  -3.4942E-002  -6.2868E-003   3.6801E-002   1.2843E-002   1.7201E-002   1.4762E-004  -5.1966E-004  -3.8300E-003  -1.9111E-003   1.3259E-003   7.3202E-003  -6.4342E-005   8.2376E-005  -1.6059E-002   9.5611E-003   6.2781E-002  
-8.5435E-005   1.1108E+000   2.7726E-001   5.2338E-002   9.1633E-002   1.7208E-001   8.6249E-003   3.4540E-002  -1.8285E-002  -2.0265E-002   4.2571E-002   1.7383E-002   9.2715E-003  -2.0743E-004  -3.0714E-004  -5.0670E-003  -1.2542E-003   4.2836E-003   3.8536E-003   3.7756E-005   7.6506E-005  -1.6923E-002   8.3710E-003   5.6713E-002  
-4.6106E-002   1.1232E+000   2.6128E-016   4.8676E-002  -4.8316E-016   1.8978E-001  -4.7691E-017   3.5879E-002   1.0120E-016  -2.4773E-002   4.4405E-002   1.9004E-002   4.3600E-016  -3.2190E-004   7.8806E-016  -5.4834E-003  -1.4995E-017   5.2492E-003   1.0171E-015   7.3575E-005  -3.1095E-015  -1.7206E-002   7.9690E-003   5.6228E-002  
-8.5435E-005   1.1108E+000  -2.7726E-001   5.2338E-002  -9.1633E-002   1.7208E-001  -8.6249E-003   3.4540E-002   1.8285E-002  -2.0265E-002   4.2571E-002   1.7383E-002  -9.2715E-003  -2.0743E-004   3.0714E-004  -5.0670E-003   1.2542E-003   4.2836E-003  -3.8536E-003   3.7756E-005  -7.6506E-005  -1.6923E-002   8.3710E-003   5.6713E-002  
 1.3505E-001   1.0725E+000  -5.3699E-001   6.1836E-002  -1.6493E-001   1.2338E-001  -1.5209E-002   3.0370E-002   3.4942E-002  -6.2868E-003   3.6801E-002   1.2843E-002  -1.7201E-002   1.4762E-004   5.1966E-004  -3.8300E-003   1.9111E-003   1.3259E-003  -7.3202E-003  -6.4342E-005  -8.2376E-005  -1.6059E-002   9.5611E-003   6.2781E-002  
 3.4619E-001   1.0069E+000  -7.5549E-001   7.2367E-002  -2.0062E-001   5.8413E-002  -1.7355E-002   2.3126E-002   4.7717E-002   1.7982E-002   2.6560E-002   6.4538E-003  -2.2187E-002   8.2517E-004   5.1300E-004  -1.7147E-003   1.2752E-003  -3.7562E-003  -9.9755E-003  -2.6570E-004   2.3788E-005  -1.4725E-002   1.1344E-002   6.8152E-002  
 6.1578E-001   9.1106E-001  -9.1106E-001   7.5964E-002  -1.8135E-001   2.6564E-012  -1.2600E-002   1.2600E-002   5.3830E-002   5.3830E-002   1.0367E-002  -2.0633E-012  -2.2111E-002   2.1804E-003   8.5881E-013   2.0201E-003  -2.0201E-003  -1.1639E-002  -1.1639E-002  -5.7687E-004   5.7687E-004  -1.3718E-002   1.2915E-002   6.3948E-002  
 9.2326E-001   7.8012E-001  -9.7604E-001   6.1966E-002  -8.9808E-002  -2.0309E-002   2.4425E-003  -1.9336E-003   5.0084E-002   1.0319E-001  -1.3554E-002  -3.3397E-003  -1.4695E-002   4.2072E-003  -1.9976E-003   7.6396E-003  -9.5216E-003  -2.3196E-002  -1.1287E-002  -4.1228E-004   1.7567E-003  -1.3427E-002   1.4154E-002   6.7654E-002  
 1.2406E+000   6.1058E-001  -9.1639E-001   1.7842E-002   8.7713E-002   3.6599E-002   3.1681E-002  -2.1099E-002   3.2699E-002   1.6793E-001  -4.7098E-002   8.7262E-004   2.1133E-003   5.9858E-003  -6.0412E-003   1.5241E-002  -2.2807E-002  -3.8506E-002  -7.5034E-003   5.4961E-004   2.5836E-003  -1.3953E-002   1.5193E-002   7.2933E-002  
 1.4807E+000   4.4313E-001  -7.7604E-001  -1.2769E-001   4.2580E-001   2.5139E-001   2.8507E-002  -1.6401E-002  -2.6950E-003   2.0982E-001  -1.1493E-001   3.5186E-002   5.9416E-002   1.4157E-002  -2.5820E-002   3.6171E-002  -6.3315E-002  -6.5319E-002   9.8606E-004   3.0437E-003   4.9061E-003  -1.6113E-002   1.2982E-002   7.3807E-002  
 1.3875E+000   3.8706E-001   9.0305E-001  -2.1699E-002  -1.7145E-001   1.6327E-001  -5.2566E-002  -2.2533E-002   7.0690E-002   1.9008E-001  -6.8868E-002   1.3118E-002  -1.3776E-002   6.6519E-004   1.3232E-002   1.5338E-002   3.5684E-002  -4.6179E-002  -1.7195E-002   3.6558E-003  -1.7708E-003  -1.4327E-002   1.5954E-002   8.7095E-002  
 1.0455E+000   5.4005E-001   1.0802E+000   4.9184E-002   2.6920E-002  -2.0181E-002  -1.3017E-002  -6.5049E-003   2.3993E-002   1.3175E-001  -2.5257E-002  -5.8437E-003   7.8169E-003   1.7189E-003   5.7988E-003   7.7949E-003   1.5517E-002  -3.0048E-002  -5.4671E-003   1.6196E-003  -1.5278E-003  -1.3558E-002   1.4543E-002   6.8883E-002  
 6.8964E-001   6.6176E-001   1.1034E+000   7.4715E-002   1.4679E-001  -7.8353E-002   1.1666E-002   7.0053E-003  -4.2076E-003   8.4258E-002   5.3232E-003  -9.9610E-003   1.8699E-002   1.4526E-003   2.1598E-003   2.3615E-003   3.9049E-003  -1.8318E-002   9.0512E-004   4.2657E-004  -8.8830E-004  -1.3453E-002   1.3326E-002   6.2136E-002  
 3.4619E-001   7.5549E-001   1.0069E+000   7.2367E-002   2.0062E-001  -5.8413E-002   2.3126E-002   1.7355E-002  -1.7982E-002   4.7717E-002   2.6560E-002  -6.4538E-003   2.2187E-002   8.2517E-004   5.1300E-004  -1.2752E-003  -1.7147E-003  -9.9755E-003   3.7562E-003  -2.3788E-005  -2.6570E-004  -1.4725E-002   1.1344E-002   6.8152E-002  
 4.6285E-002   8.2381E-001   8.2381E-001   5.5814E-002   1.9948E-001   2.0963E-012   2.4868E-002   2.4868E-002  -2.1198E-002   2.1198E-002   4.0648E-002  -3.4385E-013   2.0381E-002   4.1563E-004  -3.0205E-012  -3.4801E-003  -3.4801E-003  -4.4567E-003   4.4567E-003  -5.8204E-005  -5.8204E-005  -1.6633E-002   8.7914E-003   5.8222E-002  
-1.8770E-001   8.7024E-001   5.8072E-001   3.6136E-002   1.5675E-001   6.5140E-002   1.9912E-002   2.9836E-002  -1.7534E-002   3.4580E-003   4.9735E-002   6.3660E-003   1.5343E-002   1.3723E-004  -1.4338E-004  -5.0407E-003  -3.3583E-003  -7.3257E-004   3.7311E-003  -3.1690E-005   1.1400E-005  -1.8072E-002   6.7792E-003   4.6622E-002  
-3.3715E-001   8.9727E-001   2.9849E-001   2.1036E-002   8.5312E-002   1.1402E-001   1.0870E-002   3.2666E-002  -9.7042E-003  -6.7388E-003   5.4838E-002   1.0921E-002   8.1847E-003  -3.6630E-005  -1.0784E-004  -5.9928E-003  -1.9899E-003   1.4557E-003   2.0897E-003   4.5418E-006   2.3014E-005  -1.8923E-002   5.5286E-003   3.9111E-002  
-3.8799E-001   9.0604E-001   5.0635E-015   1.5491E-002  -2.6031E-015   1.3179E-001   2.4707E-015   3.3569E-002  -1.2367E-015  -1.0028E-002   5.6466E-002   1.2545E-002   4.6117E-016  -9.3918E-005  -4.2723E-016  -6.3113E-003   2.9386E-015   2.1768E-003  -3.0256E-015   1.9702E-005   2.9324E-015  -1.9212E-002   5.1111E-003   3.7783E-002  
-3.3715E-001   8.9727E-001  -2.9849E-001   2.1036E-002  -8.5312E-002   1.1402E-001  -1.0870E-002   3.2666E-002   9.7042E-003  -6.7388E-003   5.4838E-002   1.0921E-002  -8.1847E-003  -3.6630E-005   1.0784E-004  -5.9928E-003   1.9899E-003   1.4557E-003  -2.0897E-003   4.5418E-006  -2.3014E-005  -1.8923E-002   5.5286E-003   3.9111E-002  
-1.8770E-001   8.7024E-001  -5.8072E-001   3.6136E-002  -1.5675E-001   6.5140E-002  -1.9912E-002   2.9836E-002   1.7534E-002   3.4580E-003   4.9735E-002   6.3660E-003  -1.5343E-002   1.3723E-004   1.4338E-004  -5.0407E-003   3.3583E-003  -7.3257E-004  -3.7311E-003  -3.1690E-005  -1.1400E-005  -1.8072E-002   6.7792E-003   4.6622E-002  
 4.6285E-002   8.2381E-001  -8.2381E-001   5.5814E-002  -1.9948E-001   2.0936E-012  -2.4868E-002   2.4868E-002   2.1198E-002   2.1198E-002   4.0648E-002  -3.4349E-013  -2.0381E-002   4.1563E-004   3.0207E-012  -3.4801E-003   3.4801E-003  -4.4567E-003  -4.4567E-003  -5.8204E-005   5.8204E-005  -1.6633E-002   8.7914E-003   5.8222E-002  
 3.4619E-001   7.5549E-001  -1.0069E+000   7.2367E-002  -2.0062E-001  -5.8413E-002  -2.3126E-002   1.7355E-002   1.7982E-002   4.7717E-002   2.6560E-002  -6.4538E-003  -2.2187E-002   8.2517E-004  -5.1300E-004  -1.2752E-003   1.7147E-003  -9.9755E-003  -3.7562E-003  -2.3788E-005   2.6570E-004  -1.4725E-002   1.1344E-002   6.8152E-002  
 6.8964E-001   6.6176E-001  -1.1034E+000   7.4715E-002  -1.4679E-001  -7.8353E-002  -1.1666E-002   7.0053E-003   4.2076E-003   8.4258E-002   5.3232E-003  -9.9610E-003  -1.8699E-002   1.4526E-003  -2.1598E-003   2.3615E-003  -3.9049E-003  -1.8318E-002  -9.0512E-004   4.2657E-004   8.8830E-004  -1.3453E-002   1.3326E-002   6.2136E-002  
 1.0455E+000   5.4005E-001  -1.0802E+000   4.9184E-002  -2.6920E-002  -2.0181E-002   1.3017E-002  -6.5049E-003  -2.3993E-002   1.3175E-001  -2.5257E-002  -5.8437E-003  -7.8169E-003   1.7189E-003  -5.7988E-003   7.7949E-003  -1.5517E-002  -3.0048E-002   5.4671E-003   1.6196E-003   1.5278E-003  -1.3558E-002   1.4543E-002   6.8883E-002  
 1.3875E+000   3.8706E-001  -9.0305E-001  -2.1699E-002   1.7145E-001   1.6327E-001   5.2566E-002  -2.2533E-002  -7.0690E-002   1.9008E-001  -6.8868E-002   1.3118E-002   1.3776E-002   6.6519E-004  -1.3232E-002   1.5338E-002  -3.5684E-002  -4.6179E-002   1.7195E-002   3.6558E-003   1.7708E-003  -1.4327E-002   1.5954E-002   8.7095E-002  
 1.2669E+000   2.9766E-001   1.0407E+000   1.2475E-002  -6.1506E-002   9.8727E-002  -4.0223E-002  -1.1491E-002   1.1858E-001   1.3113E-001  -5.0306E-002   3.6617E-003  -2.2779E-003  -3.8835E-003   7.9912E-003   7.9804E-003   2.7808E-002  -3.0097E-002  -2.7204E-002   2.6548E-003   4.7431E-004  -1.3946E-002   1.5295E-002   7.3541E-002  
 8.9173E-001   3.9797E-001   1.1929E+000   6.4584E-002   6.2937E-002  -8.3804E-002  -4.8229E-004  -1.5824E-004   6.2658E-002   9.0636E-002  -1.0711E-002  -1.2949E-002   9.7585E-003  -1.1803E-003   4.1310E-003   3.4878E-003   1.0377E-002  -2.0265E-002  -1.4011E-002   1.6735E-003  -7.8407E-005  -1.3352E-002   1.4068E-002   6.5872E-002  
 5.0589E-001   4.7666E-001   1.1911E+000   7.5985E-002   1.3618E-001  -1.4287E-001   2.1430E-002   8.5857E-003   2.7027E-002   5.9106E-002   1.7421E-002  -1.6579E-002   1.5832E-002  -7.1589E-005   1.6710E-003   2.1378E-004   4.9000E-004  -1.2667E-002  -5.7857E-003   6.0694E-004  -2.0012E-004  -1.4059E-002   1.2304E-002   6.6136E-002  
 1.3505E-001   5.3699E-001   1.0725E+000   6.1836E-002   1.6493E-001  -1.2338E-001   3.0370E-002   1.5209E-002   6.2868E-003   3.4942E-002   3.6801E-002  -1.2843E-002   1.7201E-002   1.4762E-004   5.1966E-004  -1.9111E-003  -3.8300E-003  -7.3202E-003  -1.3259E-003   8.2376E-005  -6.4342E-005  -1.6059E-002   9.5611E-003   6.2781E-002  
-1.8770E-001   5.8072E-001   8.7024E-001   3.6136E-002   1.5675E-001  -6.5140E-002   2.9836E-002   1.9912E-002  -3.4580E-003   1.7534E-002   4.9735E-002  -6.3660E-003   1.5343E-002   1.3723E-004   1.4338E-004  -3.3583E-003  -5.0407E-003  -3.7311E-003   7.3257E-004   1.1400E-005  -3.1690E-005  -1.8072E-002   6.7792E-003   4.6622E-002  
-4.3895E-001   6.1035E-001   6.1035E-001   9.7401E-003   1.2054E-001   3.2517E-013   2.2990E-002   2.2990E-002  -5.9294E-003   5.9294E-003   5.8052E-002   1.9009E-012   1.1429E-002   6.4348E-005  -9.5016E-013  -4.4162E-003  -4.4162E-003  -1.2909E-003   1.2909E-003  -5.0345E-006  -5.0345E-006  -1.9496E-002   4.7140E-003   3.3194E-002  
-5.9917E-001   6.2757E-001   3.1285E-001  -9.5561E-003   6.4926E-002   4.8930E-002   1.2315E-002   2.4701E-002  -3.9900E-003  -7.3661E-004   6.2741E-002   4.5502E-003   6.0458E-003   2.7778E-006  -2.5059E-005  -5.0322E-003  -2.5074E-003   1.6533E-004   8.7783E-004   1.3702E-006   4.5961E-006  -2.0411E-002   3.4602E-003   2.4635E-002  
-6.5363E-001   6.3316E-001   5.2918E-015  -1.6501E-002  -1.2836E-015   6.6723E-002   7.9231E-015   2.5246E-002  -6.3376E-015  -2.8855E-003   6.4234E-002   6.1699E-003  -2.6400E-015  -2.0417E-005   3.6284E-015  -5.2344E-003   1.1269E-014   6.4149E-004  -8.7467E-015   5.4582E-006   7.1857E-015  -2.0717E-002   3.0539E-003   2.2750E-002  
-5.9917E-001   6.2757E-001  -3.1285E-001  -9.5561E-003  -6.4926E-002   4.8930E-002  -1.2315E-002   2.4701E-002   3.9900E-003  -7.3661E-004   6.2741E-002   4.5502E-003  -6.0458E-003   2.7778E-006   2.5059E-005  -5.0322E-003   2.5074E-003   1.6533E-004  -8.7783E-004   1.3702E-006  -4.5961E-006  -2.0411E-002   3.4602E-003   2.4635E-002  
-4.3895E-001   6.1035E-001  -6.1035E-001   9.7401E-003  -1.2054E-001   3.2517E-013  -2.2990E-002   2.2990E-002   5.9294E-003   5.9294E-003   5.8052E-002   1.8982E-012  -1.1429E-002   6.4348E-005   9.5055E-013  -4.4162E-003   4.4162E-003  -1.2909E-003  -1.2909E-003  -5.0345E-006   5.0345E-006  -1.9496E-002   4.7140E-003   3.3194E-002  
-1.8770E-001   5.8072E-001  -8.7024E-001   3.6136E-002  -1.5675E-001  -6.5140E-002  -2.9836E-002   1.9912E-002   3.4580E-003   1.7534E-002   4.9735E-002  -6.3660E-003  -1.5343E-002   1.3723E-004  -1.4338E-004  -3.3583E-003   5.0407E-003  -3.7311E-003  -7.3257E-004   1.1400E-005   3.1690E-005  -1.8072E-002   6.7792E-003   4.6622E-002  
 1.3505E-001   5.3699E-001  -1.0725E+000   6.1836E-002  -1.6493E-001  -1.2338E-001  -3.0370E-002   1.5209E-002  -6.2868E-003   3.4942E-002   3.6801E-002  -1.2843E-002  -1.7201E-002   1.4762E-004  -5.1966E-004  -1.9111E-003   3.8300E-003  -7.3202E-003   1.3259E-003   8.2376E-005   6.4342E-005  -1.6059E-002   9.5611E-003   6.2781E-002  
 5.0589E-001   4.7666E-001  -1.1911E+000   7.5985E-002  -1.3618E-001  -1.4287E-001  -2.1430E-002   8.5857E-003  -2.7027E-002   5.9106E-002   1.7421E-002  -1.6579E-002  -1.5832E-002  -7.1589E-005  -1.6710E-003   2.1378E-004  -4.9000E-004  -1.2667E-002   5.7857E-003   6.0694E-004   2.0012E-004  -1.4059E-002   1.2304E-002   6.6136E-002  
 8.9173E-001   3.9797E-001  -1.1929E+000   6.4584E-002  -6.2937E-002  -8.3804E-002   4.8229E-004  -1.5824E-004  -6.2658E-002   9.0636E-002  -1.0711E-002  -1.2949E-002  -9.7585E-003  -1.1803E-003  -4.1310E-003   3.4878E-003  -1.0377E-002  -2.0265E-002   1.4011E-002   1.6735E-003   7.8407E-005  -1.3352E-002   1.4068E-002   6.5872E-002  
 1.2669E+000   2.9766E-001  -1.0407E+000   1.2475E-002   6.1506E-002   9.8727E-002   4.0223E-002  -1.1491E-002  -1.1858E-001   1.3113E-001  -5.0306E-002   3.6617E-003   2.2779E-003  -3.8835E-003  -7.9912E-003   7.9804E-003  -2.7808E-002  -3.0097E-002   2.7204E-002   2.6548E-003  -4.7431E-004  -1.3946E-002   1.5295E-002   7.3541E-002  
 1.1869E+000   1.6036E-001   1.1246E+000   2.8017E-002  -1.5278E-002   5.2497E-002  -3.0525E-002  -4.3391E-003   1.4571E-001   6.5914E-002  -4.0591E-002  -1.4543E-003   4.2587E-004  -6.5428E-003   4.1896E-003   3.4737E-003   2.4166E-002  -1.5130E-002  -3.3443E-002   1.6718E-003   1.9287E-003  -1.3784E-002   1.5001E-002   7.1862E-002  
 7.9268E-001   2.0942E-001   1.2592E+000   7.0890E-002   4.5026E-002  -1.3159E-001   6.7782E-003   1.1381E-003   8.5321E-002   4.5992E-002  -2.3890E-003  -1.8117E-002   6.2163E-003  -2.6062E-003   2.0414E-003   1.2446E-003   7.3302E-003  -1.0097E-002  -1.8747E-002   9.2209E-004   8.4508E-004  -1.3295E-002   1.3768E-002   6.2224E-002  
 3.8798E-001   2.4787E-001   1.2424E+000   7.3713E-002   7.9501E-002  -1.9129E-001   2.7035E-002   5.3985E-003   4.5209E-002   3.0319E-002   2.4307E-002  -2.1379E-002   8.8995E-003  -7.8820E-004   8.1143E-004  -2.8013E-004  -1.5051E-003  -6.3793E-003  -9.5193E-003   3.1664E-004   2.0291E-004  -1.4515E-002   1.1602E-002   6.8015E-002  
-8.5435E-005   2.7726E-001   1.1108E+000   5.2338E-002   9.1633E-002  -1.7208E-001   3.4540E-002   8.6249E-003   2.0265E-002   1.8285E-002   4.2571E-002  -1.7383E-002   9.2715E-003  -2.0743E-004   3.0714E-004  -1.2542E-003  -5.0670E-003  -3.8536E-003  -4.2836E-003   7.6506E-005   3.7756E-005  -1.6923E-002   8.3710E-003   5.6713E-002  
-3.3715E-001   2.9849E-001   8.9727E-001   2.1036E-002   8.5312E-002  -1.1402E-001   3.2666E-002   1.0870E-002   6.7388E-003   9.7042E-003   5.4838E-002  -1.0921E-002   8.1847E-003  -3.6630E-005   1.0784E-004  -1.9899E-003  -5.9928E-003  -2.0897E-003  -1.4557E-003   2.3014E-005   4.5418E-006  -1.8923E-002   5.5286E-003   3.9111E-002  
-5.9917E-001   3.1285E-001   6.2757E-001  -9.5561E-003   6.4926E-002  -4.8930E-002   2.4701E-002   1.2315E-002   7.3661E-004   3.9900E-003   6.2741E-002  -4.5502E-003   6.0458E-003   2.7778E-006   2.5059E-005  -2.5074E-003  -5.0322E-003  -8.7783E-004  -1.6533E-004   4.5961E-006   1.3702E-006  -2.0411E-002   3.4602E-003   2.4635E-002  
-7.6612E-001   3.2120E-001   3.2120E-001  -3.1422E-002   3.4793E-002   3.4234E-012   1.3119E-002   1.3119E-002  -7.0818E-004   7.0818E-004   6.7175E-002   7.1629E-012   3.1880E-003  -1.6320E-007  -7.8255E-012  -2.8103E-003  -2.8103E-003  -1.5684E-004   1.5684E-004   1.7384E-006   1.7384E-006  -2.1345E-002   2.2829E-003   1.4795E-002  
-8.2284E-001   3.2390E-001   2.4593E-016  -3.9227E-002   9.7648E-017   1.7798E-002  -2.4836E-015   1.3374E-002   2.8702E-015  -3.4926E-004   6.8584E-002   1.6204E-003   7.1456E-016  -5.2791E-006  -1.6666E-015  -2.9090E-003  -4.0927E-015   8.0274E-005   2.0254E-015   1.9117E-006  -2.5183E-015  -2.1660E-002   1.9450E-003   1.1661E-002  
-7.6612E-001   3.2120E-001  -3.2120E-001  -3.1422E-002  -3.4793E-002   3.4267E-012  -1.3119E-002   1.3119E-002   7.0818E-004   7.0818E-004   6.7175E-002   7.1619E-012  -3.1880E-003  -1.6320E-007   7.8274E-012  -2.8103E-003   2.8103E-003  -1.5684E-004  -1.5684E-004   1.7384E-006  -1.7384E-006  -2.1345E-002   2.2829E-003   1.4795E-002  
-5.9917E-001   3.1285E-001  -6.2757E-001  -9.5561E-003  -6.4926E-002  -4.8930E-002  -2.4701E-002   1.2315E-002  -7.3661E-004   3.9900E-003   6.2741E-002  -4.5502E-003  -6.0458E-003   2.7778E-006  -2.5059E-005  -2.5074E-003   5.0322E-003  -8.7783E-004   1.6533E-004   4.5961E-006  -1.3702E-006  -2.0411E-002   3.4602E-003   2.4635E-002  
-3.3715E-001   2.9849E-001  -8.9727E-001   2.1036E-002  -8.5312E-002  -1.1402E-001  -3.2666E-002   1.0870E-002  -6.7388E-003   9.7042E-003   5.4838E-002  -1.0921E-002  -8.1847E-003  -3.6630E-005  -1.0784E-004  -1.9899E-003   5.9928E-003  -2.0897E-003   1.4557E-003   2.3014E-005  -4.5418E-006  -1.8923E-002   5.5286E-003   3.9111E-002  
-8.5435E-005   2.7726E-001  -1.1108E+000   5.2338E-002  -9.1633E-002  -1.7208E-001  -3.4540E-002   8.6249E-003  -2.0265E-002   1.8285E-002   4.2571E-002  -1.7383E-002  -9.2715E-003  -2.0743E-004  -3.0714E-004  -1.2542E-003   5.0670E-003  -3.8536E-003   4.2836E-003   7.6506E-005  -3.7756E-005  -1.6923E-002   8.3710E-003   5.6713E-002  
 3.8798E-001   2.4787E-001  -1.2424E+000   7.3713E-002  -7.9501E-002  -1.9129E-001  -2.7035E-002   5.3985E-003  -4.5209E-002   3.0319E-002   2.4307E-002  -2.1379E-002  -8.8995E-003  -7.8820E-004  -8.1143E-004  -2.8013E-004   1.5051E-003  -6.3793E-003   9.5193E-003   3.1664E-004  -2.0291E-004  -1.4515E-002   1.1602E-002   6.8015E-002  
 7.9268E-001   2.0942E-001  -1.2592E+000   7.0890E-002  -4.5026E-002  -1.3159E-001  -6.7782E-003   1.1381E-003  -8.5321E-002   4.5992E-002  -2.3890E-003  -1.8117E-002  -6.2163E-003  -2.6062E-003  -2.0414E-003   1.2446E-003  -7.3302E-003  -1.0097E-002   1.8747E-002   9.2209E-004  -8.4508E-004  -1.3295E-002   1.3768E-002   6.2224E-002  
 1.1869E+000   1.6036E-001  -1.1246E+000   2.8017E-002   1.5278E-002   5.2497E-002   3.0525E-002  -4.3391E-003  -1.4571E-001   6.5914E-002  -4.0591E-002  -1.4543E-003  -4.2587E-004  -6.5428E-003  -4.1896E-003   3.4737E-003  -2.4166E-002  -1.5130E-002   3.3443E-002   1.6718E-003  -1.9287E-003  -1.3784E-002   1.5001E-002   7.1862E-002  
 1.1595E+000  -4.4095E-017   1.1521E+000   3.2671E-002   4.5824E-017   3.5661E-002  -2.7380E-002   5.8450E-017   1.5454E-001   7.2877E-017  -3.7454E-002  -3.2707E-003   2.7754E-016  -7.3881E-003  -5.0271E-017  -2.4349E-016   2.2997E-002  -1.4241E-016  -3.5454E-002  -1.0430E-016   2.4736E-003  -1.3766E-002   1.4884E-002   7.1323E-002  
 7.5884E-001   2.5086E-018   1.2808E+000   7.2463E-002   4.6292E-016  -1.4896E-001   9.1569E-003  -2.9555E-016   9.2683E-002   8.2134E-016   2.6291E-004  -1.9948E-002   5.7303E-016  -3.0086E-003  -1.1232E-015  -2.1789E-016   6.3712E-003   8.3936E-016  -2.0257E-002  -1.3579E-015   1.1159E-003  -1.3294E-002   1.3652E-002   6.1372E-002  
 3.4776E-001   9.0191E-017   1.2591E+000   7.2414E-002  -4.9452E-016  -2.0887E-001   2.8870E-002   3.1438E-016   5.1093E-002  -5.2659E-016   2.6476E-002  -2.3069E-002  -3.7779E-016  -9.7104E-004   8.5979E-016   1.2259E-016  -2.1182E-003  -7.0135E-016  -1.0719E-002   1.1290E-015   2.7069E-004  -1.4731E-002   1.1322E-002   6.8941E-002  
-4.6106E-002   2.4059E-016   1.1232E+000   4.8676E-002  -2.7015E-017  -1.8978E-001   3.5879E-002   1.4019E-016   2.4773E-002   3.6261E-016   4.4405E-002  -1.9004E-002   1.6837E-016  -3.2190E-004  -2.0872E-018  -7.3567E-017  -5.4834E-003   1.4806E-017  -5.2492E-003  -2.6600E-017   7.3575E-005  -1.7206E-002   7.9690E-003   5.6228E-002  
-3.8799E-001  -1.3929E-018   9.0604E-001   1.5491E-002   2.0902E-017  -1.3179E-001   3.3569E-002  -1.8127E-016   1.0028E-002   2.2762E-017   5.6466E-002  -1.2545E-002   9.3457E-018  -9.3918E-005  -1.2232E-016   2.7670E-018  -6.3113E-003   4.7268E-018  -2.1768E-003   2.9029E-016   1.9702E-005  -1.9212E-002   5.1111E-003   3.7783E-002  
-6.5363E-001  -1.6729E-017   6.3316E-001  -1.6501E-002  -1.0031E-016  -6.6723E-002   2.5246E-002   3.0600E-017   2.8855E-003   5.5328E-017   6.4234E-002  -6.1699E-003   1.4040E-016  -2.0417E-005   9.6530E-017   1.0247E-016  -5.2344E-003  -6.0809E-017  -6.4149E-004   3.3551E-017   5.4582E-006  -2.0717E-002   3.0539E-003   2.2750E-002  
-8.2284E-001   5.7395E-017   3.2390E-001  -3.9227E-002  -4.6639E-017  -1.7798E-002   1.3374E-002  -1.3902E-017   3.4926E-004   6.4477E-017   6.8584E-002  -1.6204E-003  -1.1105E-016  -5.2791E-006   1.3241E-017   7.7043E-017  -2.9090E-003   5.7693E-017  -8.0274E-005  -3.3093E-017   1.9118E-006  -2.1660E-002   1.9450E-003   1.1661E-002  
-8.8032E-001   7.1766E-016   4.5222E-015  -4.7317E-002   9.3979E-017   1.9416E-011   3.8046E-015  -1.8124E-016  -5.3697E-015  -3.5085E-017   6.9966E-002  -1.4717E-012   1.2602E-015  -3.5170E-006  -5.5778E-017   3.6366E-016   6.4485E-015   2.5846E-017  -4.4448E-015   5.3163E-017   4.6886E-015  -2.1974E-002   1.6702E-003   5.9928E-003  
-8.2284E-001  -2.5779E-016  -3.2390E-001  -3.9227E-002   4.8673E-016  -1.7798E-002  -1.3374E-002  -4.0348E-016  -3.4926E-004   9.7197E-016   6.8584E-002  -1.6204E-003   6.1590E-016  -5.2791E-006  -1.3241E-015  -4.0434E-016   2.9090E-003   1.1527E-015   8.0274E-005  -1.8720E-015  -1.9118E-006  -2.1660E-002   1.9450E-003   1.1661E-002  
-6.5363E-001   6.7260E-016  -6.3316E-001  -1.6501E-002  -1.5788E-015  -6.6723E-002  -2.5246E-002   8.8409E-016  -2.8855E-003  -2.4172E-015   6.4234E-002  -6.1699E-003  -1.8481E-015  -2.0417E-005   3.5309E-015   1.1959E-015   5.2344E-003  -3.2685E-015   6.4149E-004   4.6102E-015  -5.4582E-006  -2.0717E-002   3.0539E-003   2.2750E-002  
-3.8799E-001   2.8520E-016  -9.0604E-001   1.5491E-002  -5.2226E-016  -1.3179E-001  -3.3569E-002   2.9255E-016  -1.0028E-002  -9.3149E-016   5.6466E-002  -1.2545E-002  -5.4462E-016  -9.3918E-005   1.3551E-015   3.4103E-016   6.3113E-003  -1.1170E-015   2.1768E-003   1.8897E-015  -1.9702E-005  -1.9212E-002   5.1111E-003   3.7783E-002  
-4.6106E-002  -2.4778E-016  -1.1232E+000   4.8676E-002  -8.9172E-020  -1.8978E-001  -3.5879E-002   4.4640E-017  -2.4773E-002  -8.3090E-018   4.4405E-002  -1.9004E-002   3.3831E-016  -3.2190E-004  -2.9594E-017  -1.6469E-016   5.4834E-003   2.9587E-017   5.2492E-003   1.3846E-016  -7.3575E-005  -1.7206E-002   7.9690E-003   5.6228E-002  
 3.4776E-001   2.7658E-016  -1.2591E+000   7.2414E-002  -3.1883E-016  -2.0887E-001  -2.8870E-002   2.4242E-016  -5.1093E-002  -7.0748E-016   2.6476E-002  -2.3069E-002  -6.3436E-016  -9.7104E-004   9.8215E-016   4.2218E-016   2.1182E-003  -7.6641E-016   1.0719E-002   1.2846E-015  -2.7069E-004  -1.4731E-002   1.1322E-002   6.8941E-002  
 7.5884E-001  -3.0598E-016  -1.2808E+000   7.2463E-002   6.1755E-016  -1.4896E-001  -9.1569E-003  -4.3799E-016  -9.2683E-002   9.9194E-016   2.6291E-004  -1.9948E-002   9.4154E-016  -3.0086E-003  -1.2722E-015  -4.5239E-016  -6.3712E-003   1.3324E-015   2.0257E-002  -1.8963E-015  -1.1159E-003  -1.3294E-002   1.3652E-002   6.1372E-002  
 1.1595E+000  -1.1467E-016  -1.1521E+000   3.2671E-002   1.8971E-016   3.5661E-002   2.7380E-002  -1.7253E-016  -1.5454E-001   5.6425E-016  -3.7454E-002  -3.2707E-003   7.0310E-017  -7.3881E-003  -2.0895E-016  -1.7492E-016  -2.2997E-002   3.7274E-016   3.5454E-002  -4.1878E-016  -2.4736E-003  -1.3766E-002   1.4884E-002   7.1323E-002  
 1.1869E+000  -1.6036E-001   1.1246E+000   2.8017E-002   1.5278E-002   5.2497E-002  -3.0525E-002   4.3391E-003   1.4571E-001  -6.5914E-002  -4.0591E-002  -1.4543E-003  -4.2587E-004  -6.5428E-003  -4.1896E-003  -3.4737E-003   2.4166E-002   1.5130E-002  -3.3443E-002  -1.6718E-003   1.9287E-003  -1.3784E-002   1.5001E-002   7.1862E-002  
 7.9268E-001  -2.0942E-001   1.2592E+000   7.0890E-002  -4.5026E-002  -1.3159E-001   6.7782E-003  -1.1381E-003   8.5321E-002  -4.5992E-002  -2.3890E-003  -1.8117E-002  -6.2163E-003  -2.6062E-003  -2.0414E-003  -1.2446E-003   7.3302E-003   1.0097E-002  -1.8747E-002  -9.2209E-004   8.4508E-004  -1.3295E-002   1.3768E-002   6.2224E-002  
 3.8798E-001  -2.4787E-001   1.2424E+000   7.3713E-002  -7.9501E-002  -1.9129E-001   2.7035E-002  -5.3985E-003   4.5209E-002  -3.0319E-002   2.4307E-002  -2.1379E-002  -8.8995E-003  -7.8820E-004  -8.1143E-004   2.8013E-004  -1.5051E-003   6.3793E-003  -9.5193E-003  -3.1664E-004   2.0291E-004  -1.4515E-002   1.1602E-002   6.8015E-002  
-8.5435E-005  -2.7726E-001   1.1108E+000   5.2338E-002  -9.1633E-002  -1.7208E-001   3.4540E-002  -8.6249E-003   2.0265E-002  -1.8285E-002   4.2571E-002  -1.7383E-002  -9.2715E-003  -2.0743E-004  -3.0714E-004   1.2542E-003  -5.0670E-003   3.8536E-003  -4.2836E-003  -7.6506E-005   3.7756E-005  -1.6923E-002   8.3710E-003   5.6713E-002  
-3.3715E-001  -2.9849E-001   8.9727E-001   2.1036E-002  -8.5312E-002  -1.1402E-001   3.2666E-002  -1.0870E-002   6.7388E-003  -9.7042E-003   5.4838E-002  -1.0921E-002  -8.1847E-003  -3.6630E-005  -1.0784E-004   1.9899E-003  -5.9928E-003   2.0897E-003  -1.4557E-003  -2.3014E-005   4.5418E-006  -1.8923E-002   5.5286E-003   3.9111E-002  
-5.9917E-001  -3.1285E-001   6.2757E-001  -9.5561E-003  -6.4926E-002  -4.8930E-002   2.4701E-002  -1.2315E-002   7.3661E-004  -3.9900E-003   6.2741E-002  -4.5502E-003  -6.0458E-003   2.7778E-006  -2.5059E-005   2.5074E-003  -5.0322E-003   8.7783E-004  -1.6533E-004  -4.5961E-006   1.3702E-006  -2.0411E-002   3.4602E-003   2.4635E-002  
-7.6612E-001  -3.2120E-001   3.2120E-001  -3.1422E-002  -3.4793E-002   3.4244E-012   1.3119E-002  -1.3119E-002  -7.0818E-004  -7.0818E-004   6.7175E-002   7.1627E-012  -3.1880E-003  -1.6320E-007   7.8260E-012   2.8103E-003  -2.8103E-003   1.5684E-004   1.5684E-004  -1.7384E-006   1.7384E-006  -2.1345E-002   2.2829E-003   1.4795E-002  
-8.2284E-001  -3.2390E-001  -2.0759E-015  -3.9227E-002   6.0439E-016   1.7798E-002  -2.7450E-015  -1.3374E-002   3.2967E-015   3.4926E-004   6.8584E-002   1.6204E-003   1.1459E-015  -5.2791E-006  -1.9706E-015   2.9090E-003  -3.7341E-015  -8.0274E-005   2.6548E-015  -1.9117E-006  -2.9038E-015  -2.1660E-002   1.9450E-003   1.1661E-002  
-7.6612E-001  -3.2120E-001  -3.2120E-001  -3.1422E-002   3.4793E-002   3.4259E-012  -1.3119E-002  -1.3119E-002   7.0818E-004  -7.0818E-004   6.7175E-002   7.1636E-012   3.1880E-003  -1.6320E-007  -7.8237E-012   2.8103E-003   2.8103E-003   1.5684E-004  -1.5684E-004  -1.7384E-006  -1.7384E-006  -2.1345E-002   2.2829E-003   1.4795E-002  
-5.9917E-001  -3.1285E-001  -6.2757E-001  -9.5561E-003   6.4926E-002  -4.8930E-002  -2.4701E-002  -1.2315E-002  -7.3661E-004  -3.9900E-003   6.2741E-002  -4.5502E-003   6.0458E-003   2.7778E-006   2.5059E-005   2.5074E-003   5.0322E-003   8.7783E-004   1.6533E-004  -4.5961E-006  -1.3702E-006  -2.0411E-002   3.4602E-003   2.4635E-002  
-3.3715E-001  -2.9849E-001  -8.9727E-001   2.1036E-002   8.5312E-002  -1.1402E-001  -3.2666E-002  -1.0870E-002  -6.7388E-003  -9.7042E-003   5.4838E-002  -1.0921E-002   8.1847E-003  -3.6630E-005   1.0784E-004   1.9899E-003   5.9928E-003   2.0897E-003   1.4557E-003  -2.3014E-005  -4.5418E-006  -1.8923E-002   5.5286E-003   3.9111E-002  
-8.5435E-005  -2.7726E-001  -1.1108E+000   5.2338E-002   9.1633E-002  -1.7208E-001  -3.4540E-002  -8.6249E-003  -2.0265E-002  -1.8285E-002   4.2571E-002  -1.7383E-002   9.2715E-003  -2.0743E-004   3.0714E-004   1.2542E-003   5.0670E-003   3.8536E-003   4.2836E-003  -7.6506E-005  -3.7756E-005  -1.6923E-002   8.3710E-003   5.6713E-002  
 3.8798E-001  -2.4787E-001  -1.2424E+000   7.3713E-002   7.9501E-002  -1.9129E-001  -2.7035E-002  -5.3985E-003  -4.5209E-002  -3.0319E-002   2.4307E-002  -2.1379E-002   8.8995E-003  -7.8820E-004   8.1143E-004   2.8013E-004   1.5051E-003   6.3793E-003   9.5193E-003  -3.1664E-004  -2.0291E-004  -1.4515E-002   1.1602E-002   6.8015E-002  
 7.9268E-001  -2.0942E-001  -1.2592E+000   7.0890E-002   4.5026E-002  -1.3159E-001  -6.7782E-003  -1.1381E-003  -8.5321E-002  -4.5992E-002  -2.3890E-003  -1.8117E-002   6.2163E-003  -2.6062E-003   2.0414E-003  -1.2446E-003  -7.3302E-003   1.0097E-002   1.8747E-002  -9.2209E-004  -8.4508E-004  -1.3295E-002   1.3768E-002   6.2224E-002  
 1.1869E+000  -1.6036E-001  -1.1246E+000   2.8017E-002  -1.5278E-002   5.2497E-002   3.0525E-002   4.3391E-003  -1.4571E-001  -6.5914E-002  -4.0591E-002  -1.4543E-003   4.2587E-004  -6.5428E-003   4.1896E-003  -3.4737E-003  -2.4166E-002   1.5130E-002   3.3443E-002  -1.6718E-003  -1.9287E-003  -1.3784E-002   1.5001E-002   7.1862E-002  
 1.2669E+000  -2.9766E-001   1.0407E+000   1.2475E-002   6.1506E-002   9.8727E-002  -4.0223E-002   1.1491E-002   1.1858E-001  -1.3113E-001  -5.0306E-002   3.6617E-003   2.2779E-003  -3.8835E-003  -7.9912E-003  -7.9804E-003   2.7808E-002   3.0097E-002  -2.7204E-002  -2.6548E-003   4.7431E-004  -1.3946E-002   1.5295E-002   7.3541E-002  
 8.9173E-001  -3.9797E-001   1.1929E+000   6.4584E-002  -6.2937E-002  -8.3804E-002  -4.8229E-004   1.5824E-004   6.2658E-002  -9.0636E-002  -1.0711E-002  -1.2949E-002  -9.7585E-003  -1.1803E-003  -4.1310E-003  -3.4878E-003   1.0377E-002   2.0265E-002  -1.4011E-002  -1.6735E-003  -7.8407E-005  -1.3352E-002   1.4068E-002   6.5872E-002  
 5.0589E-001  -4.7666E-001   1.1911E+000   7.5985E-002  -1.3618E-001  -1.4287E-001   2.1430E-002  -8.5857E-003   2.7027E-002  -5.9106E-002   1.7421E-002  -1.6579E-002  -1.5832E-002  -7.1589E-005  -1.6710E-003  -2.1378E-004   4.9000E-004   1.2667E-002  -5.7857E-003  -6.0694E-004  -2.0012E-004  -1.4059E-002   1.2304E-002   6.6136E-002  
 1.3505E-001  -5.3699E-001   1.0725E+000   6.1836E-002  -1.6493E-001  -1.2338E-001   3.0370E-002  -1.5209E-002   6.2868E-003  -3.4942E-002   3.6801E-002  -1.2843E-002  -1.7201E-002   1.4762E-004  -5.1966E-004   1.9111E-003  -3.8300E-003   7.3202E-003  -1.3259E-003  -8.2376E-005  -6.4342E-005  -1.6059E-002   9.5611E-003   6.2781E-002  
-1.8770E-001  -5.8072E-001   8.7024E-001   3.6136E-002  -1.5675E-001  -6.5140E-002   2.9836E-002  -1.9912E-002  -3.4580E-003  -1.7534E-002   4.9735E-002  -6.3660E-003  -1.5343E-002   1.3723E-004  -1.4338E-004   3.3583E-003  -5.0407E-003   3.7311E-003   7.3257E-004  -1.1400E-005  -3.1690E-005  -1.8072E-002   6.7792E-003   4.6622E-002  
-4.3895E-001  -6.1035E-001   6.1035E-001   9.7401E-003  -1.2054E-001   3.2654E-013   2.2990E-002  -2.2990E-002  -5.9294E-003  -5.9294E-003   5.8052E-002   1.8974E-012  -1.1429E-002   6.4348E-005   9.4941E-013   4.4162E-003  -4.4162E-003   1.2909E-003   1.2909E-003   5.0345E-006  -5.0345E-006  -1.9496E-002   4.7140E-003   3.3194E-002  
-5.9917E-001  -6.2757E-001   3.1285E-001  -9.5561E-003  -6.4926E-002   4.8930E-002   1.2315E-002  -2.4701E-002  -3.9900E-003   7.3661E-004   6.2741E-002   4.5502E-003  -6.0458E-003   2.7778E-006   2.5059E-005   5.0322E-003  -2.5074E-003  -1.6533E-004   8.7783E-004  -1.3702E-006   4.5961E-006  -2.0411E-002   3.4602E-003   2.4635E-002  
-6.5363E-001  -6.3316E-001   1.8740E-015  -1.6501E-002  -3.3343E-015   6.6723E-002   8.3321E-015  -2.5246E-002  -7.7059E-015   2.8855E-003   6.4234E-002   6.1699E-003  -1.8367E-015  -2.0417E-005   3.3573E-015   5.2344E-003   1.0743E-014  -6.4149E-004  -8.4089E-015  -5.4582E-006   6.8328E-015  -2.0717E-002   3.0539E-003   2.2750E-002  
-5.9917E-001  -6.2757E-001  -3.1285E-001  -9.5561E-003   6.4926E-002   4.8930E-002  -1.2315E-002  -2.4701E-002   3.9900E-003   7.3661E-004   6.2741E-002   4.5502E-003   6.0458E-003   2.7778E-006  -2.5059E-005   5.0322E-003   2.5074E-003  -1.6533E-004  -8.7783E-004  -1.3702E-006  -4.5961E-006  -2.0411E-002   3.4602E-003   2.4635E-002  
-4.3895E-001  -6.1035E-001  -6.1035E-001   9.7401E-003   1.2054E-001   3.2835E-013  -2.2990E-002  -2.2990E-002   5.9294E-003  -5.9294E-003   5.8052E-002   1.8988E-012   1.1429E-002   6.4348E-005  -9.5146E-013   4.4162E-003   4.4162E-003   1.2909E-003  -1.2909E-003   5.0345E-006   5.0345E-006  -1.9496E-002   4.7140E-003   3.3194E-002  
-1.8770E-001  -5.8072E-001  -8.7024E-001   3.6136E-002   1.5675E-001  -6.5140E-002  -2.9836E-002  -1.9912E-002   3.4580E-003  -1.7534E-002   4.9735E-002  -6.3660E-003   1.5343E-002   1.3723E-004   1.4338E-004   3.3583E-003   5.0407E-003   3.7311E-003  -7.3257E-004  -1.1400E-005   3.1690E-005  -1.8072E-002   6.7792E-003   4.6622E-002  
 1.3505E-001  -5.3699E-001  -1.0725E+000   6.1836E-002   1.6493E-001  -1.2338E-001  -3.0370E-002  -1.5209E-002  -6.2868E-003  -3.4942E-002   3.6801E-002  -1.2843E-002   1.7201E-002   1.4762E-004   5.1966E-004   1.9111E-003   3.8300E-003   7.3202E-003   1.3259E-003  -8.2376E-005   6.4342E-005  -1.6059E-002   9.5611E-003   6.2781E-002  
 5.0589E-001  -4.7666E-001  -1.1911E+000   7.5985E-002   1.3618E-001  -1.4287E-001  -2.1430E-002  -8.5857E-003  -2.7027E-002  -5.9106E-002   1.7421E-002  -1.6579E-002   1.5832E-002  -7.1589E-005   1.6710E-003  -2.1378E-004  -4.9000E-004   1.2667E-002   5.7857E-003  -6.0694E-004   2.0012E-004  -1.4059E-002   1.2304E-002   6.6136E-002  
 8.9173E-001  -3.9797E-001  -1.1929E+000   6.4584E-002   6.2937E-002  -8.3804E-002   4.8229E-004   1.5824E-004  -6.2658E-002  -9.0636E-002  -1.0711E-002  -1.2949E-002   9.7585E-003  -1.1803E-003   4.1310E-003  -3.4878E-003  -1.0377E-002   2.0265E-002   1.4011E-002  -1.6735E-003   7.8407E-005  -1.3352E-002   1.4068E-002   6.5872E-002  
 1.2669E+000  -2.9766E-001  -1.0407E+000   1.2475E-002  -6.1506E-002   9.8727E-002   4.0223E-002   1.1491E-002  -1.1858E-001  -1.3113E-001  -5.0306E-002   3.6617E-003  -2.2779E-003  -3.8835E-003   7.9912E-003  -7.9804E-003  -2.7808E-002   3.0097E-002   2.7204E-002  -2.6548E-003  -4.7431E-004  -1.3946E-002   1.5295E-002   7.3541E-002  
 1.3875E+000  -3.8706E-001   9.0305E-001  -2.1699E-002   1.7145E-001   1.6327E-001  -5.2566E-002   2.2533E-002   7.0690E-002  -1.9008E-001  -6.8868E-002   1.3118E-002   1.3776E-002   6.6519E-004  -1.3232E-002  -1.5338E-002   3.5684E-002   4.6179E-002  -1.7195E-002  -3.6558E-003  -1.7708E-003  -1.4327E-002   1.5954E-002   8.7095E-002  
 1.0455E+000  -5.4005E-001   1.0802E+000   4.9184E-002  -2.6920E-002  -2.0181E-002  -1.3017E-002   6.5049E-003   2.3993E-002  -1.3175E-001  -2.5257E-002  -5.8437E-003  -7.8169E-003   1.7189E-003  -5.7988E-003  -7.7949E-003   1.5517E-002   3.0048E-002  -5.4671E-003  -1.6196E-003  -1.5278E-003  -1.3558E-002   1.4543E-002   6.8883E-002  
 6.8964E-001  -6.6176E-001   1.1034E+000   7.4715E-002  -1.4679E-001  -7.8353E-002   1.1666E-002  -7.0053E-003  -4.2076E-003  -8.4258E-002   5.3232E-003  -9.9610E-003  -1.8699E-002   1.4526E-003  -2.1598E-003  -2.3615E-003   3.9049E-003   1.8318E-002   9.0512E-004  -4.2657E-004  -8.8830E-004  -1.3453E-002   1.3326E-002   6.2136E-002  
 3.4619E-001  -7.5549E-001   1.0069E+000   7.2367E-002  -2.0062E-001  -5.8413E-002   2.3126E-002  -1.7355E-002  -1.7982E-002  -4.7717E-002   2.6560E-002  -6.4538E-003  -2.2187E-002   8.2517E-004  -5.1300E-004   1.2752E-003  -1.7147E-003   9.9755E-003   3.7562E-003   2.3788E-005  -2.6570E-004  -1.4725E-002   1.1344E-002   6.8152E-002  
 4.6285E-002  -8.2381E-001   8.2381E-001   5.5814E-002  -1.9948E-001   2.0924E-012   2.4868E-002  -2.4868E-002  -2.1198E-002  -2.1198E-002   4.0648E-002  -3.4337E-013  -2.0381E-002   4.1563E-004   3.0187E-012   3.4801E-003  -3.4801E-003   4.4567E-003   4.4567E-003   5.8204E-005  -5.8204E-005  -1.6633E-002   8.7914E-003   5.8222E-002  
-1.8770E-001  -8.7024E-001   5.8072E-001   3.6136E-002  -1.5675E-001   6.5140E-002   1.9912E-002  -2.9836E-002  -1.7534E-002  -3.4580E-003   4.9735E-002   6.3660E-003  -1.5343E-002   1.3723E-004   1.4338E-004   5.0407E-003  -3.3583E-003   7.3257E-004   3.7311E-003   3.1690E-005   1.1400E-005  -1.8072E-002   6.7792E-003   4.6622E-002  
-3.3715E-001  -8.9727E-001   2.9849E-001   2.1036E-002  -8.5312E-002   1.1402E-001   1.0870E-002  -3.2666E-002  -9.7042E-003   6.7388E-003   5.4838E-002   1.0921E-002  -8.1847E-003  -3.6630E-005   1.0784E-004   5.9928E-003  -1.9899E-003  -1.4557E-003   2.0897E-003  -4.5418E-006   2.3014E-005  -1.8923E-002   5.5286E-003   3.9111E-002  
-3.8799E-001  -9.0604E-001   3.0483E-015   1.5491E-002   1.0935E-015   1.3179E-001   3.5273E-015  -3.3569E-002  -3.0849E-015   1.0028E-002   5.6466E-002   1.2545E-002  -1.0611E-015  -9.3918E-005   1.1541E-015   6.3113E-003   4.9473E-015  -2.1768E-003  -2.9069E-015  -1.9702E-005   1.5078E-015  -1.9212E-002   5.1111E-003   3.7783E-002  
-3.3715E-001  -8.9727E-001  -2.9849E-001   2.1036E-002   8.5312E-002   1.1402E-001  -1.0870E-002  -3.2666E-002   9.7042E-003   6.7388E-003   5.4838E-002   1.0921E-002   8.1847E-003  -3.6630E-005  -1.0784E-004   5.9928E-003   1.9899E-003  -1.4557E-003  -2.0897E-003  -4.5418E-006  -2.3014E-005  -1.8923E-002   5.5286E-003   3.9111E-002  
-1.8770E-001  -8.7024E-001  -5.8072E-001   3.6136E-002   1.5675E-001   6.5140E-002  -1.9912E-002  -2.9836E-002   1.7534E-002  -3.4580E-003   4.9735E-002   6.3660E-003   1.5343E-002   1.3723E-004  -1.4338E-004   5.0407E-003   3.3583E-003   7.3257E-004  -3.7311E-003   3.1690E-005  -1.1400E-005  -1.8072E-002   6.7792E-003   4.6622E-002  
 4.6285E-002  -8.2381E-001  -8.2381E-001   5.5814E-002   1.9948E-001   2.0947E-012  -2.4868E-002  -2.4868E-002   2.1198E-002  -2.1198E-002   4.0648E-002  -3.4326E-013   2.0381E-002   4.1563E-004  -3.0215E-012   3.4801E-003   3.4801E-003   4.4567E-003  -4.4567E-003   5.8204E-005   5.8204E-005  -1.6633E-002   8.7914E-003   5.8222E-002  
 3.4619E-001  -7.5549E-001  -1.0069E+000   7.2367E-002   2.0062E-001  -5.8413E-002  -2.3126E-002  -1.7355E-002   1.7982E-002  -4.7717E-002   2.6560E-002  -6.4538E-003   2.2187E-002   8.2517E-004   5.1300E-004   1.2752E-003   1.7147E-003   9.9755E-003  -3.7562E-003   2.3788E-005   2.6570E-004  -1.4725E-002   1.1344E-002   6.8152E-002  
 6.8964E-001  -6.6176E-001  -1.1034E+000   7.4715E-002   1.4679E-001  -7.8353E-002  -1.1666E-002  -7.0053E-003   4.2076E-003  -8.4258E-002   5.3232E-003  -9.9610E-003   1.8699E-002   1.4526E-003   2.1598E-003  -2.3615E-003  -3.9049E-003   1.8318E-002  -9.0512E-004  -4.2657E-004   8.8830E-004  -1.3453E-002   1.3326E-002   6.2136E-002  
 1.0455E+000  -5.4005E-001  -1.0802E+000   4.9184E-002   2.6920E-002  -2.0181E-002   1.3017E-002   6.5049E-003  -2.3993E-002  -1.3175E-001  -2.5257E-002  -5.8437E-003   7.8169E-003   1.7189E-003   5.7988E-003  -7.7949E-003  -1.5517E-002   3.0048E-002   5.4671E-003  -1.6196E-003   1.5278E-003  -1.3558E-002   1.4543E-002   6.8883E-002  
 1.3875E+000  -3.8706E-001  -9.0305E-001  -2.1699E-002  -1.7145E-001   1.6327E-001   5.2566E-002   2.2533E-002  -7.0690E-002  -1.9008E-001  -6.8868E-002   1.3118E-002  -1.3776E-002   6.6519E-004   1.3232E-002  -1.5338E-002  -3.5684E-002   4.6179E-002   1.7195E-002  -3.6558E-003   1.7708E-003  -1.4327E-002   1.5954E-002   8.7095E-002  
 1.4807E+000  -4.4313E-001   7.7604E-001  -1.2769E-001   4.2580E-001   2.5139E-001  -2.8507E-002   1.6401E-002   2.6950E-003  -2.0982E-001  -1.1493E-001   3.5186E-002   5.9416E-002   1.4157E-002  -2.5820E-002  -3.6171E-002   6.3315E-002   6.5319E-002  -9.8606E-004  -3.0437E-003  -4.9061E-003  -1.6113E-002   1.2982E-002   7.3807E-002  
 1.2406E+000  -6.1058E-001   9.1639E-001   1.7842E-002   8.7713E-002   3.6599E-002  -3.1681E-002   2.1099E-002  -3.2699E-002  -1.6793E-001  -4.7098E-002   8.7262E-004   2.1133E-003   5.9858E-003  -6.0412E-003  -1.5241E-002   2.2807E-002   3.8506E-002   7.5034E-003  -5.4961E-004  -2.5836E-003  -1.3953E-002   1.5193E-002   7.2933E-002  
 9.2326E-001  -7.8012E-001   9.7604E-001   6.1966E-002  -8.9808E-002  -2.0309E-002  -2.4425E-003   1.9336E-003  -5.0084E-002  -1.0319E-001  -1.3554E-002  -3.3397E-003  -1.4695E-002   4.2072E-003  -1.9976E-003  -7.6396E-003   9.5216E-003   2.3196E-002   1.1287E-002   4.1228E-004  -1.7567E-003  -1.3427E-002   1.4154E-002   6.7654E-002  
 6.1578E-001  -9.1106E-001   9.1106E-001   7.5964E-002  -1.8135E-001   2.6558E-012   1.2600E-002  -1.2600E-002  -5.3830E-002  -5.3830E-002   1.0367E-002  -2.0633E-012  -2.2111E-002   2.1804E-003   8.6165E-013  -2.0201E-003   2.0201E-003   1.1639E-002   1.1639E-002   5.7687E-004  -5.7687E-004  -1.3718E-002   1.2915E-002   6.3948E-002  
 3.4619E-001  -1.0069E+000   7.5549E-001   7.2367E-002  -2.0062E-001   5.8413E-002   1.7355E-002  -2.3126E-002  -4.7717E-002  -1.7982E-002   2.6560E-002   6.4538E-003  -2.2187E-002   8.2517E-004   5.1300E-004   1.7147E-003  -1.2752E-003   3.7562E-003   9.9755E-003   2.6570E-004  -2.3788E-005  -1.4725E-002   1.1344E-002   6.8152E-002  
 1.3505E-001  -1.0725E+000   5.3699E-001   6.1836E-002  -1.6493E-001   1.2338E-001   1.5209E-002  -3.0370E-002  -3.4942E-002   6.2868E-003   3.6801E-002   1.2843E-002  -1.7201E-002   1.4762E-004   5.1966E-004   3.8300E-003  -1.9111E-003  -1.3259E-003   7.3202E-003   6.4342E-005   8.2376E-005  -1.6059E-002   9.5611E-003   6.2781E-002  
-8.5435E-005  -1.1108E+000   2.7726E-001   5.2338E-002  -9.1633E-002   1.7208E-001   8.6249E-003  -3.4540E-002  -1.8285E-002   2.0265E-002   4.2571E-002   1.7383E-002  -9.2715E-003  -2.0743E-004   3.0714E-004   5.0670E-003  -1.2542E-003  -4.2836E-003   3.8536E-003  -3.7756E-005   7.6506E-005  -1.6923E-002   8.3710E-003   5.6713E-002  
-4.6106E-002  -1.1232E+000   1.2769E-017   4.8676E-002  -1.3395E-016   1.8978E-001   7.1396E-017  -3.5879E-002  -1.0014E-015   2.4773E-002   4.4405E-002   1.9004E-002   4.8894E-016  -3.2190E-004  -5.4859E-016   5.4834E-003  -6.5251E-017  -5.2492E-003   8.6262E-016  -7.3575E-005   6.2318E-017  -1.7206E-002   7.9690E-003   5.6228E-002  
-8.5435E-005  -1.1108E+000  -2.7726E-001   5.2338E-002   9.1633E-002   1.7208E-001  -8.6249E-003  -3.4540E-002   1.8285E-002   2.0265E-002   4.2571E-002   1.7383E-002   9.2715E-003  -2.0743E-004  -3.0714E-004   5.0670E-003   1.2542E-003  -4.2836E-003  -3.8536E-003  -3.7756E-005  -7.6506E-005  -1.6923E-002   8.3710E-003   5.6713E-002  
 1.3505E-001  -1.0725E+000  -5.3699E-001   6.1836E-002   1.6493E-001   1.2338E-001  -1.5209E-002  -3.0370E-002   3.4942E-002   6.2868E-003   3.6801E-002   1.2843E-002   1.7201E-002   1.4762E-004  -5.1966E-004   3.8300E-003   1.9111E-003  -1.3259E-003  -7.3202E-003   6.4342E-005  -8.2376E-005  -1.6059E-002   9.5611E-003   6.2781E-002  
 3.4619E-001  -1.0069E+000  -7.5549E-001   7.2367E-002   2.0062E-001   5.8413E-002  -1.7355E-002  -2.3126E-002   4.7717E-002  -1.7982E-002   2.6560E-002   6.4538E-003   2.2187E-002   8.2517E-004  -5.1300E-004   1.7147E-003   1.2752E-003   3.7562E-003  -9.9755E-003   2.6570E-004   2.3788E-005  -1.4725E-002   1.1344E-002   6.8152E-002  
 6.1578E-001  -9.1106E-001  -9.1106E-001   7.5964E-002   1.8135E-001   2.6551E-012  -1.2600E-002  -1.2600E-002   5.3830E-002  -5.3830E-002   1.0367E-002  -2.0621E-012   2.2111E-002   2.1804E-003  -8.6082E-013  -2.0201E-003  -2.0201E-003   1.1639E-002  -1.1639E-002   5.7687E-004   5.7687E-004  -1.3718E-002   1.2915E-002   6.3948E-002  
 9.2326E-001  -7.8012E-001  -9.7604E-001   6.1966E-002   8.9808E-002  -2.0309E-002   2.4425E-003   1.9336E-003   5.0084E-002  -1.0319E-001  -1.3554E-002  -3.3397E-003   1.4695E-002   4.2072E-003   1.9976E-003  -7.6396E-003  -9.5216E-003   2.3196E-002  -1.1287E-002   4.1228E-004   1.7567E-003  -1.3427E-002   1.4154E-002   6.7654E-002  
 1.2406E+000  -6.1058E-001  -9.1639E-001   1.7842E-002  -8.7713E-002   3.6599E-002   3.1681E-002   2.1099E-002   3.2699E-002  -1.6793E-001  -4.7098E-002   8.7262E-004  -2.1133E-003   5.9858E-003   6.0412E-003  -1.5241E-002  -2.2807E-002   3.8506E-002  -7.5034E-003  -5.4961E-004   2.5836E-003  -1.3953E-002   1.5193E-002   7.2933E-002  
 1.4807E+000  -4.4313E-001  -7.7604E-001  -1.2769E-001  -4.2580E-001   2.5139E-001   2.8507E-002   1.6401E-002  -2.6950E-003  -2.0982E-001  -1.1493E-001   3.5186E-002  -5.9416E-002   1.4157E-002   2.5820E-002  -3.6171E-002  -6.3315E-002   6.5319E-002   9.8606E-004  -3.0437E-003   4.9061E-003  -1.6113E-002   1.2982E-002   7.3807E-002  
 9.2326E-001  -9.7604E-001   7.8012E-001   6.1966E-002  -8.9808E-002   2.0309E-002  -1.9336E-003   2.4425E-003  -1.0319E-001  -5.0084E-002  -1.3554E-002   3.3397E-003  -1.4695E-002   4.2072E-003   1.9976E-003  -9.5216E-003   7.6396E-003   1.1287E-002   2.3196E-002   1.7567E-003  -4.1228E-004  -1.3427E-002   1.4154E-002   6.7654E-002  
 6.8964E-001  -1.1034E+000   6.6176E-001   7.4715E-002  -1.4679E-001   7.8353E-002   7.0053E-003  -1.1666E-002  -8.4258E-002  -4.2076E-003   5.3232E-003   9.9610E-003  -1.8699E-002   1.4526E-003   2.1598E-003  -3.9049E-003   2.3615E-003   9.0512E-004   1.8318E-002   8.8830E-004   4.2657E-004  -1.3453E-002   1.3326E-002   6.2136E-002  
 5.0589E-001  -1.1911E+000   4.7666E-001   7.5985E-002  -1.3618E-001   1.4287E-001   8.5857E-003  -2.1430E-002  -5.9106E-002   2.7027E-002   1.7421E-002   1.6579E-002  -1.5832E-002  -7.1589E-005   1.6710E-003  -4.9000E-004   2.1378E-004  -5.7857E-003   1.2667E-002   2.0012E-004   6.0694E-004  -1.4059E-002   1.2304E-002   6.6136E-002  
 3.8798E-001  -1.2424E+000   2.4787E-001   7.3713E-002  -7.9501E-002   1.9129E-001   5.3985E-003  -2.7035E-002  -3.0319E-002   4.5209E-002   2.4307E-002   2.1379E-002  -8.8995E-003  -7.8820E-004   8.1143E-004   1.5051E-003  -2.8013E-004  -9.5193E-003   6.3793E-003  -2.0291E-004   3.1664E-004  -1.4515E-002   1.1602E-002   6.8015E-002  
 3.4776E-001  -1.2591E+000   3.4028E-015   7.2414E-002  -1.7290E-015   2.0887E-001   2.2022E-015  -2.8870E-002  -1.7160E-015   5.1093E-002   2.6476E-002   2.3069E-002  -1.3291E-015  -9.7104E-004   4.7674E-016   2.1182E-003   1.7005E-015  -1.0719E-002  -2.5473E-015  -2.7069E-004   1.3586E-015  -1.4731E-002   1.1322E-002   6.8941E-002  
 3.8798E-001  -1.2424E+000  -2.4787E-001   7.3713E-002   7.9501E-002   1.9129E-001  -5.3985E-003  -2.7035E-002   3.0319E-002   4.5209E-002   2.4307E-002   2.1379E-002   8.8995E-003  -7.8820E-004  -8.1143E-004   1.5051E-003   2.8013E-004  -9.5193E-003  -6.3793E-003  -2.0291E-004  -3.1664E-004  -1.4515E-002   1.1602E-002   6.8015E-002  
 5.0589E-001  -1.1911E+000  -4.7666E-001   7.5985E-002   1.3618E-001   1.4287E-001  -8.5857E-003  -2.1430E-002   5.9106E-002   2.7027E-002   1.7421E-002   1.6579E-002   1.5832E-002  -7.1589E-005  -1.6710E-003  -4.9000E-004  -2.1378E-004  -5.7857E-003  -1.2667E-002   2.0012E-004  -6.0694E-004  -1.4059E-002   1.2304E-002   6.6136E-002  
 6.8964E-001  -1.1034E+000  -6.6176E-001   7.4715E-002   1.4679E-001   7.8353E-002  -7.0053E-003  -1.1666E-002   8.4258E-002  -4.2076E-003   5.3232E-003   9.9610E-003   1.8699E-002   1.4526E-003  -2.1598E-003  -3.9049E-003  -2.3615E-003   9.0512E-004  -1.8318E-002   8.8830E-004  -4.2657E-004  -1.3453E-002   1.3326E-002   6.2136E-002  
 9.2326E-001  -9.7604E-001  -7.8012E-001   6.1966E-002   8.9808E-002   2.0309E-002   1.9336E-003   2.4425E-003   1.0319E-001  -5.0084E-002  -1.3554E-002   3.3397E-003   1.4695E-002   4.2072E-003  -1.9976E-003  -9.5216E-003  -7.6396E-003   1.1287E-002  -2.3196E-002   1.7567E-003   4.1228E-004  -1.3427E-002   1.4154E-002   6.7654E-002  
 1.2406E+000  -9.1639E-001   6.1058E-001   1.7842E-002   8.7713E-002  -3.6599E-002  -2.1099E-002   3.1681E-002  -1.6793E-001  -3.2699E-002  -4.7098E-002  -8.7262E-004   2.1133E-003   5.9858E-003   6.0412E-003  -2.2807E-002   1.5241E-002   7.5034E-003   3.8506E-002   2.5836E-003   5.4961E-004  -1.3953E-002   1.5193E-002   7.2933E-002  
 1.0455E+000  -1.0802E+000   5.4005E-001   4.9184E-002  -2.6920E-002   2.0181E-002  -6.5049E-003   1.3017E-002  -1.3175E-001   2.3993E-002  -2.5257E-002   5.8437E-003  -7.8169E-003   1.7189E-003   5.7988E-003  -1.5517E-002   7.7949E-003  -5.4671E-003   3.0048E-002   1.5278E-003   1.6196E-003  -1.3558E-002   1.4543E-002   6.8883E-002  
 8.9173E-001  -1.1929E+000   3.9797E-001   6.4584E-002  -6.2937E-002   8.3804E-002  -1.5824E-004   4.8229E-004  -9.0636E-002   6.2658E-002  -1.0711E-002   1.2949E-002  -9.7585E-003  -1.1803E-003   4.1310E-003  -1.0377E-002   3.4878E-003  -1.4011E-002   2.0265E-002   7.8407E-005   1.6735E-003  -1.3352E-002   1.4068E-002   6.5872E-002  
 7.9268E-001  -1.2592E+000   2.0942E-001   7.0890E-002  -4.5026E-002   1.3159E-001   1.1381E-003  -6.7782E-003  -4.5992E-002   8.5321E-002  -2.3890E-003   1.8117E-002  -6.2163E-003  -2.6062E-003   2.0414E-003  -7.3302E-003   1.2446E-003  -1.8747E-002   1.0097E-002  -8.4508E-004   9.2209E-004  -1.3295E-002   1.3768E-002   6.2224E-002  
 7.5884E-001  -1.2808E+000  -4.8354E-015   7.2463E-002   1.0845E-016   1.4896E-001  -4.2475E-015  -9.1569E-003   5.3456E-015   9.2683E-002   2.6291E-004   1.9948E-002  -4.5646E-017  -3.0086E-003  -8.7687E-016  -6.3712E-003  -3.9247E-015  -2.0257E-002   1.4315E-015  -1.1159E-003  -1.7786E-015  -1.3294E-002   1.3652E-002   6.1372E-002  
 7.9268E-001  -1.2592E+000  -2.0942E-001   7.0890E-002   4.5026E-002   1.3159E-001  -1.1381E-003  -6.7782E-003   4.5992E-002   8.5321E-002  -2.3890E-003   1.8117E-002   6.2163E-003  -2.6062E-003  -2.0414E-003  -7.3302E-003  -1.2446E-003  -1.8747E-002  -1.0097E-002  -8.4508E-004  -9.2209E-004  -1.3295E-002   1.3768E-002   6.2224E-002  
 8.9173E-001  -1.1929E+000  -3.9797E-001   6.4584E-002   6.2937E-002   8.3804E-002   1.5824E-004   4.8229E-004   9.0636E-002   6.2658E-002  -1.0711E-002   1.2949E-002   9.7585E-003  -1.1803E-003  -4.1310E-003  -1.0377E-002  -3.4878E-003  -1.4011E-002  -2.0265E-002   7.8407E-005  -1.6735E-003  -1.3352E-002   1.4068E-002   6.5872E-002  
 1.0455E+000  -1.0802E+000  -5.4005E-001   4.9184E-002   2.6920E-002   2.0181E-002   6.5049E-003   1.3017E-002   1.3175E-001   2.3993E-002  -2.5257E-002   5.8437E-003   7.8169E-003   1.7189E-003  -5.7988E-003  -1.5517E-002  -7.7949E-003  -5.4671E-003  -3.0048E-002   1.5278E-003  -1.6196E-003  -1.3558E-002   1.4543E-002   6.8883E-002  
 1.2406E+000  -9.1639E-001  -6.1058E-001   1.7842E-002  -8.7713E-002  -3.6599E-002   2.1099E-002   3.1681E-002   1.6793E-001  -3.2699E-002  -4.7098E-002  -8.7262E-004  -2.1133E-003   5.9858E-003  -6.0412E-003  -2.2807E-002  -1.5241E-002   7.5034E-003  -3.8506E-002   2.5836E-003  -5.4961E-004  -1.3953E-002   1.5193E-002   7.2933E-002  
 1.4807E+000  -7.7604E-001   4.4313E-001  -1.2769E-001   4.2580E-001  -2.5139E-001  -1.6401E-002   2.8507E-002  -2.0982E-001   2.6950E-003  -1.1493E-001  -3.5186E-002   5.9416E-002   1.4157E-002   2.5820E-002  -6.3315E-002   3.6171E-002  -9.8606E-004   6.5319E-002   4.9061E-003   3.0437E-003  -1.6113E-002   1.2982E-002   7.3807E-002  
 1.3875E+000  -9.0305E-001   3.8706E-001  -2.1699E-002   1.7145E-001  -1.6327E-001  -2.2533E-002   5.2566E-002  -1.9008E-001   7.0690E-002  -6.8868E-002  -1.3118E-002   1.3776E-002   6.6519E-004   1.3232E-002  -3.5684E-002   1.5338E-002  -1.7195E-002   4.6179E-002   1.7708E-003   3.6558E-003  -1.4327E-002   1.5954E-002   8.7095E-002  
 1.2669E+000  -1.0407E+000   2.9766E-001   1.2475E-002   6.1506E-002  -9.8727E-002  -1.1491E-002   4.0223E-002  -1.3113E-001   1.1858E-001  -5.0306E-002  -3.6617E-003   2.2779E-003  -3.8835E-003   7.9912E-003  -2.7808E-002   7.9804E-003  -2.7204E-002   3.0097E-002  -4.7431E-004   2.6548E-003  -1.3946E-002   1.5295E-002   7.3541E-002  
 1.1869E+000  -1.1246E+000   1.6036E-001   2.8017E-002   1.5278E-002  -5.2497E-002  -4.3391E-003   3.0525E-002  -6.5914E-002   1.4571E-001  -4.0591E-002   1.4543E-003  -4.2587E-004  -6.5428E-003   4.1896E-003  -2.4166E-002   3.4737E-003  -3.3443E-002   1.5130E-002  -1.9287E-003   1.6718E-003  -1.3784E-002   1.5001E-002   7.1862E-002  
 1.1595E+000  -1.1521E+000  -1.3178E-015   3.2671E-002   1.1964E-017  -3.5661E-002  -1.9799E-015   2.7380E-002  -1.6560E-015   1.5454E-001  -3.7454E-002   3.2707E-003  -1.4956E-015  -7.3881E-003  -1.1840E-015  -2.2997E-002  -5.9600E-016  -3.5454E-002  -8.5877E-017  -2.4736E-003   1.3040E-015  -1.3766E-002   1.4884E-002   7.1323E-002  
 1.1869E+000  -1.1246E+000  -1.6036E-001   2.8017E-002  -1.5278E-002  -5.2497E-002   4.3391E-003   3.0525E-002   6.5914E-002   1.4571E-001  -4.0591E-002   1.4543E-003   4.2587E-004  -6.5428E-003  -4.1896E-003  -2.4166E-002  -3.4737E-003  -3.3443E-002  -1.5130E-002  -1.9287E-003  -1.6718E-003  -1.3784E-002   1.5001E-002   7.1862E-002  
 1.2669E+000  -1.0407E+000  -2.9766E-001   1.2475E-002  -6.1506E-002  -9.8727E-002   1.1491E-002   4.0223E-002   1.3113E-001   1.1858E-001  -5.0306E-002  -3.6617E-003  -2.2779E-003  -3.8835E-003  -7.9912E-003  -2.7808E-002  -7.9804E-003  -2.7204E-002  -3.0097E-002  -4.7431E-004  -2.6548E-003  -1.3946E-002   1.5295E-002   7.3541E-002  
 1.3875E+000  -9.0305E-001  -3.8706E-001  -2.1699E-002  -1.7145E-001  -1.6327E-001   2.2533E-002   5.2566E-002   1.9008E-001   7.0690E-002  -6.8868E-002  -1.3118E-002  -1.3776E-002   6.6519E-004  -1.3232E-002  -3.5684E-002  -1.5338E-002  -1.7195E-002  -4.6179E-002   1.7708E-003  -3.6558E-003  -1.4327E-002   1.5954E-002   8.7095E-002  
 1.4807E+000  -7.7604E-001  -4.4313E-001  -1.2769E-001  -4.2580E-001  -2.5139E-001   1.6401E-002   2.8507E-002   2.0982E-001   2.6950E-003  -1.1493E-001  -3.5186E-002  -5.9416E-002   1.4157E-002  -2.5820E-002  -6.3315E-002  -3.6171E-002  -9.8606E-004  -6.5319E-002   4.9061E-003  -3.0437E-003  -1.6113E-002   1.2982E-002   7.3807E-002  
