 1.1728E+000   6.4229E-001   3.6688E-001  -1.2015E-001  -3.2923E-001  -1.9418E-001  -1.2206E-002  -2.1394E-002  -1.8079E-001  -2.4843E-003  -9.7930E-002  -3.3408E-002  -5.6671E-002   1.2355E-002  -2.2370E-002   5.7325E-002   3.2780E-002   7.8227E-004   5.6200E-002  -4.2332E-003   2.6133E-003  -1.4788E-002   1.1033E-002   6.2236E-002  
 1.0951E+000   7.5271E-001   3.2262E-001  -2.7985E-002  -1.1947E-001  -1.1379E-001  -1.7897E-002  -4.1729E-002  -1.6412E-001  -6.1014E-002  -5.8360E-002  -1.5225E-002  -1.5969E-002   5.5836E-004  -1.1428E-002   3.3827E-002   1.4530E-002   1.4815E-002   3.9749E-002  -1.4933E-003   3.1031E-003  -1.3354E-002   1.3525E-002   7.3681E-002  
 9.9274E-001   8.7253E-001   2.4956E-001   2.0160E-003  -3.4369E-002  -5.5167E-002  -8.7947E-003  -3.0789E-002  -1.1326E-001  -1.0242E-001  -4.2329E-002  -7.5339E-003  -4.6904E-003  -3.3483E-003  -6.8883E-003   2.7052E-002   7.7598E-003   2.3412E-002   2.5902E-002   4.0050E-004   2.2415E-003  -1.3030E-002   1.2953E-002   6.1704E-002  
 9.2480E-001   9.4569E-001   1.3485E-001   1.5706E-002  -3.9621E-003  -1.3620E-002  -3.1520E-003  -2.2184E-002  -5.6939E-002  -1.2587E-001  -3.3956E-002  -3.4442E-003  -1.0004E-003  -5.6440E-003  -3.6134E-003   2.3946E-002   3.4381E-003   2.8791E-002   1.3025E-002   1.6288E-003   1.4119E-003  -1.2899E-002   1.2699E-002   6.0308E-002  
 9.0157E-001   9.6961E-001  -2.9709E-015   1.9821E-002  -1.4374E-015   1.4451E-003   2.1222E-015  -1.9391E-002  -2.8688E-015  -1.3349E-001  -3.1252E-002  -1.9846E-003  -2.4086E-015  -6.3750E-003   9.1650E-016   2.2949E-002  -7.6423E-016   3.0526E-002  -2.4475E-016   2.0894E-003  -1.4404E-015  -1.2887E-002   1.2598E-002   5.9815E-002  
 9.2480E-001   9.4569E-001  -1.3485E-001   1.5706E-002   3.9621E-003  -1.3620E-002   3.1520E-003  -2.2184E-002   5.6939E-002  -1.2587E-001  -3.3956E-002  -3.4442E-003   1.0004E-003  -5.6440E-003   3.6134E-003   2.3946E-002  -3.4381E-003   2.8791E-002  -1.3025E-002   1.6288E-003  -1.4119E-003  -1.2899E-002   1.2699E-002   6.0308E-002  
 9.9274E-001   8.7253E-001  -2.4956E-001   2.0160E-003   3.4369E-002  -5.5167E-002   8.7947E-003  -3.0789E-002   1.1326E-001  -1.0242E-001  -4.2329E-002  -7.5339E-003   4.6904E-003  -3.3483E-003   6.8883E-003   2.7052E-002  -7.7598E-003   2.3412E-002  -2.5902E-002   4.0050E-004  -2.2415E-003  -1.3030E-002   1.2953E-002   6.1704E-002  
 1.0951E+000   7.5271E-001  -3.2262E-001  -2.7985E-002   1.1947E-001  -1.1379E-001   1.7897E-002  -4.1729E-002   1.6412E-001  -6.1014E-002  -5.8360E-002  -1.5225E-002   1.5969E-002   5.5836E-004   1.1428E-002   3.3827E-002  -1.4530E-002   1.4815E-002  -3.9749E-002  -1.4933E-003  -3.1031E-003  -1.3354E-002   1.3525E-002   7.3681E-002  
 1.1728E+000   6.4229E-001  -3.6688E-001  -1.2015E-001   3.2923E-001  -1.9418E-001   1.2206E-002  -2.1394E-002   1.8079E-001  -2.4843E-003  -9.7930E-002  -3.3408E-002   5.6671E-002   1.2355E-002   2.2370E-002   5.7325E-002  -3.2780E-002   7.8227E-004  -5.6200E-002  -4.2332E-003  -2.6133E-003  -1.4788E-002   1.1033E-002   6.2236E-002  
 9.7040E-001   7.6911E-001   5.1245E-001   6.7382E-003  -4.3780E-002  -1.8266E-002  -1.5923E-002  -2.3909E-002  -1.4505E-001   2.8245E-002  -3.9563E-002  -2.7048E-003  -6.5002E-003   5.1610E-003  -5.2089E-003   2.2310E-002   1.4903E-002  -6.4583E-003   3.3143E-002  -2.1817E-003   4.6406E-004  -1.3038E-002   1.2865E-002   6.1189E-002  
 8.0476E-001   9.1194E-001   4.5592E-001   3.4487E-002   4.6551E-002   3.4910E-002  -3.6629E-003  -7.3306E-003  -1.1381E-001  -2.0727E-002  -2.0735E-002   2.3687E-003   3.1805E-003   1.4842E-003  -5.0096E-003   1.6092E-002   8.0772E-003   4.7099E-003   2.5885E-002  -1.2914E-003   1.3691E-003  -1.2718E-002   1.2303E-002   5.7793E-002  
 6.7417E-001   1.0103E+000   3.3704E-001   4.8360E-002   6.9574E-002   9.2648E-002   1.2783E-003   3.8261E-003  -7.8302E-002  -5.4131E-002  -8.1851E-003   7.9714E-003   6.0157E-003  -1.0237E-003  -3.5809E-003   1.1703E-002   3.9266E-003   1.2081E-002   1.7474E-002  -6.6532E-005   1.4174E-003  -1.2553E-002   1.1893E-002   5.5267E-002  
 5.9009E-001   1.0681E+000   1.7764E-001   5.4186E-002   4.6374E-002   1.3554E-001   1.7213E-003   1.0296E-002  -3.9734E-002  -7.3712E-002  -1.0005E-003   1.2109E-002   4.1582E-003  -2.2674E-003  -1.7754E-003   9.1000E-003   1.5351E-003   1.6176E-002   8.7123E-003   7.1733E-004   7.8273E-004  -1.2511E-002   1.1635E-002   5.2204E-002  
 5.6136E-001   1.0870E+000  -4.2437E-015   5.5677E-002   1.6778E-015   1.5106E-001  -3.7535E-015   1.2415E-002   3.2057E-015  -8.0073E-002   1.2900E-003   1.3583E-002   2.2311E-015  -2.6206E-003  -3.3400E-015   8.2793E-003  -4.5691E-015   1.7482E-002   4.2786E-016   9.4810E-004  -1.6297E-015  -1.2510E-002   1.1536E-002   5.1572E-002  
 5.9009E-001   1.0681E+000  -1.7764E-001   5.4186E-002  -4.6374E-002   1.3554E-001  -1.7213E-003   1.0296E-002   3.9734E-002  -7.3712E-002  -1.0005E-003   1.2109E-002  -4.1582E-003  -2.2674E-003   1.7754E-003   9.1000E-003  -1.5351E-003   1.6176E-002  -8.7123E-003   7.1733E-004  -7.8273E-004  -1.2511E-002   1.1635E-002   5.2204E-002  
 6.7417E-001   1.0103E+000  -3.3704E-001   4.8360E-002  -6.9574E-002   9.2648E-002  -1.2783E-003   3.8261E-003   7.8302E-002  -5.4131E-002  -8.1851E-003   7.9714E-003  -6.0157E-003  -1.0237E-003   3.5809E-003   1.1703E-002  -3.9266E-003   1.2081E-002  -1.7474E-002  -6.6532E-005  -1.4174E-003  -1.2553E-002   1.1893E-002   5.5267E-002  
 8.0476E-001   9.1194E-001  -4.5592E-001   3.4487E-002  -4.6551E-002   3.4910E-002   3.6629E-003  -7.3306E-003   1.1381E-001  -2.0727E-002  -2.0735E-002   2.3687E-003  -3.1805E-003   1.4842E-003   5.0096E-003   1.6092E-002  -8.0772E-003   4.7099E-003  -2.5885E-002  -1.2914E-003  -1.3691E-003  -1.2718E-002   1.2303E-002   5.7793E-002  
 9.7040E-001   7.6911E-001  -5.1245E-001   6.7382E-003   4.3780E-002  -1.8266E-002   1.5923E-002  -2.3909E-002   1.4505E-001   2.8245E-002  -3.9563E-002  -2.7048E-003   6.5002E-003   5.1610E-003   5.2089E-003   2.2310E-002  -1.4903E-002  -6.4583E-003  -3.3143E-002  -2.1817E-003  -4.6406E-004  -1.3038E-002   1.2865E-002   6.1189E-002  
 7.0093E-001   8.2612E-001   6.6029E-001   4.5979E-002   1.0301E-001   2.3289E-002   1.1122E-003   1.3720E-003  -8.9145E-002   4.3268E-002  -1.0638E-002   1.9787E-003   8.6856E-003   3.6434E-003  -1.7302E-003   1.0501E-002   8.4176E-003  -9.7302E-003   1.9998E-002  -1.4871E-003  -3.4898E-004  -1.2616E-002   1.1968E-002   5.6733E-002  
 5.0262E-001   9.3734E-001   5.6214E-001   5.7898E-002   1.4529E-001   7.7556E-002   8.3664E-003   1.3938E-002  -7.2799E-002   3.6352E-003   5.6647E-003   6.9768E-003   1.3103E-002   1.2662E-003  -1.8830E-003   5.6946E-003   3.4319E-003  -7.8161E-004   1.5813E-002  -7.5513E-004   3.6246E-004  -1.2647E-002   1.1260E-002   5.2278E-002  
 3.4665E-001   1.0139E+000   4.0575E-001   5.9735E-002   1.2970E-001   1.3607E-001   9.0681E-003   2.2640E-002  -5.1078E-002  -2.3356E-002   1.6128E-002   1.2174E-002   1.1629E-002  -6.3021E-005  -1.4623E-003   2.7606E-003   1.1198E-003   4.9979E-003   1.0942E-002  -1.7046E-004   5.1631E-004  -1.3161E-002   1.0397E-002   5.5652E-002  
 2.4656E-001   1.0587E+000   2.1123E-001   5.8251E-002   7.4603E-002   1.7950E-001   5.5192E-003   2.7645E-002  -2.6203E-002  -3.9072E-002   2.2088E-002   1.6005E-002   6.6636E-003  -6.9466E-004  -7.1436E-004   1.0455E-003   2.2590E-004   8.2284E-003   5.5143E-003   1.7330E-004   2.7041E-004  -1.3548E-002   9.8036E-003   5.7221E-002  
 2.1242E-001   1.0734E+000   3.9535E-016   5.7293E-002  -9.4374E-016   1.9521E-001   1.5138E-015   2.9285E-002   2.0911E-015  -4.4160E-002   2.3966E-002   1.7360E-002  -1.2775E-016  -8.5800E-004   1.3264E-015   5.1703E-004   3.1039E-015   9.2669E-003  -2.0465E-015   2.3208E-004   1.4215E-015  -1.3730E-002   9.5674E-003   5.7993E-002  
 2.4656E-001   1.0587E+000  -2.1123E-001   5.8251E-002  -7.4603E-002   1.7950E-001  -5.5192E-003   2.7645E-002   2.6203E-002  -3.9072E-002   2.2088E-002   1.6005E-002  -6.6636E-003  -6.9466E-004   7.1436E-004   1.0455E-003  -2.2590E-004   8.2284E-003  -5.5143E-003   1.7330E-004  -2.7041E-004  -1.3548E-002   9.8036E-003   5.7221E-002  
 3.4665E-001   1.0139E+000  -4.0575E-001   5.9735E-002  -1.2970E-001   1.3607E-001  -9.0681E-003   2.2640E-002   5.1078E-002  -2.3356E-002   1.6128E-002   1.2174E-002  -1.1629E-002  -6.3021E-005   1.4623E-003   2.7606E-003  -1.1198E-003   4.9979E-003  -1.0942E-002  -1.7046E-004  -5.1631E-004  -1.3161E-002   1.0397E-002   5.5652E-002  
 5.0262E-001   9.3734E-001  -5.6214E-001   5.7898E-002  -1.4529E-001   7.7556E-002  -8.3664E-003   1.3938E-002   7.2799E-002   3.6352E-003   5.6647E-003   6.9768E-003  -1.3103E-002   1.2662E-003   1.8830E-003   5.6946E-003  -3.4319E-003  -7.8161E-004  -1.5813E-002  -7.5513E-004  -3.6246E-004  -1.2647E-002   1.1260E-002   5.2278E-002  
 7.0093E-001   8.2612E-001  -6.6029E-001   4.5979E-002  -1.0301E-001   2.3289E-002  -1.1122E-003   1.3720E-003   8.9145E-002   4.3268E-002  -1.0638E-002   1.9787E-003  -8.6856E-003   3.6434E-003   1.7302E-003   1.0501E-002  -8.4176E-003  -9.7302E-003  -1.9998E-002  -1.4871E-003   3.4898E-004  -1.2616E-002   1.1968E-002   5.6733E-002  
 1.1728E+000   3.6688E-001   6.4229E-001  -1.2015E-001  -3.2923E-001   1.9418E-001  -2.1394E-002  -1.2206E-002   2.4843E-003   1.8079E-001  -9.7930E-002   3.3408E-002  -5.6671E-002   1.2355E-002   2.2370E-002   3.2780E-002   5.7325E-002  -5.6200E-002  -7.8227E-004   2.6133E-003  -4.2332E-003  -1.4788E-002   1.1033E-002   6.2236E-002  
 9.7040E-001   5.1245E-001   7.6911E-001   6.7382E-003  -4.3780E-002   1.8266E-002  -2.3909E-002  -1.5923E-002  -2.8245E-002   1.4505E-001  -3.9563E-002   2.7048E-003  -6.5002E-003   5.1610E-003   5.2089E-003   1.4903E-002   2.2310E-002  -3.3143E-002   6.4583E-003   4.6406E-004  -2.1817E-003  -1.3038E-002   1.2865E-002   6.1189E-002  
 7.0093E-001   6.6029E-001   8.2612E-001   4.5979E-002   1.0301E-001  -2.3289E-002   1.3720E-003   1.1122E-003  -4.3268E-002   8.9145E-002  -1.0638E-002  -1.9787E-003   8.6856E-003   3.6434E-003   1.7302E-003   8.4176E-003   1.0501E-002  -1.9998E-002   9.7302E-003  -3.4898E-004  -1.4871E-003  -1.2616E-002   1.1968E-002   5.6733E-002  
 4.3993E-001   7.7461E-001   7.7461E-001   5.9273E-002   1.7617E-001   2.7017E-012   1.4057E-002   1.4057E-002  -4.6513E-002   4.6513E-002   1.0027E-002  -1.2639E-012   1.5844E-002   1.9038E-003   5.5527E-014   3.6055E-003   3.6055E-003  -1.0050E-002   1.0050E-002  -4.9072E-004  -4.9072E-004  -1.2872E-002   1.0913E-002   5.3826E-002  
 2.1108E-001   8.5835E-001   6.4406E-001   5.7259E-002   1.8747E-001   5.4585E-002   1.7599E-002   2.3452E-002  -4.1241E-002   1.5542E-002   2.4039E-002   4.8581E-003   1.6704E-002   7.2879E-004  -4.5354E-004   3.9509E-004   3.0614E-004  -3.2478E-003   8.6250E-003  -2.2802E-004  -2.0375E-005  -1.3726E-002   9.5857E-003   5.7325E-002  
 3.1858E-002   9.1574E-001   4.5852E-001   4.9027E-002   1.5170E-001   1.1349E-001   1.4986E-002   2.9925E-002  -3.0210E-002  -5.4356E-003   3.2915E-002   9.8628E-003   1.3213E-002   1.3132E-004  -4.6153E-004  -1.4333E-003  -7.1206E-004   1.1465E-003   6.3315E-003  -5.6021E-005   7.1153E-005  -1.4855E-002   8.0837E-003   5.2786E-002  
-8.2865E-002   9.4927E-001   2.3695E-001   4.1376E-002   8.3690E-002   1.5717E-001   8.4047E-003   3.3660E-002  -1.5812E-002  -1.7525E-002   3.7920E-002   1.3475E-002   7.1884E-003  -1.8448E-004  -2.7323E-004  -2.5038E-003  -6.1586E-004   3.7052E-003   3.3337E-003   3.2323E-005   6.6110E-005  -1.5585E-002   7.0812E-003   4.7662E-002  
-1.2193E-001   9.6018E-001   2.6125E-016   3.8400E-002   1.0484E-015   1.7298E-001  -1.3245E-016   3.4861E-002   4.0873E-016  -2.1425E-002   3.9512E-002   1.4773E-002   2.7641E-016  -2.8648E-004  -3.4539E-016  -2.8641E-003  -5.2373E-016   4.5406E-003   1.3452E-015   6.3446E-005  -2.0349E-015  -1.5824E-002   6.7428E-003   4.7251E-002  
-8.2865E-002   9.4927E-001  -2.3695E-001   4.1376E-002  -8.3690E-002   1.5717E-001  -8.4047E-003   3.3660E-002   1.5812E-002  -1.7525E-002   3.7920E-002   1.3475E-002  -7.1884E-003  -1.8448E-004   2.7323E-004  -2.5038E-003   6.1586E-004   3.7052E-003  -3.3337E-003   3.2323E-005  -6.6110E-005  -1.5585E-002   7.0812E-003   4.7662E-002  
 3.1858E-002   9.1574E-001  -4.5852E-001   4.9027E-002  -1.5170E-001   1.1349E-001  -1.4986E-002   2.9925E-002   3.0210E-002  -5.4356E-003   3.2915E-002   9.8628E-003  -1.3213E-002   1.3132E-004   4.6153E-004  -1.4333E-003   7.1206E-004   1.1465E-003  -6.3315E-003  -5.6021E-005  -7.1153E-005  -1.4855E-002   8.0837E-003   5.2786E-002  
 2.1108E-001   8.5835E-001  -6.4406E-001   5.7259E-002  -1.8747E-001   5.4585E-002  -1.7599E-002   2.3452E-002   4.1241E-002   1.5542E-002   2.4039E-002   4.8581E-003  -1.6704E-002   7.2879E-004   4.5354E-004   3.9509E-004  -3.0614E-004  -3.2478E-003  -8.6250E-003  -2.2802E-004   2.0375E-005  -1.3726E-002   9.5857E-003   5.7325E-002  
 4.3993E-001   7.7461E-001  -7.7461E-001   5.9273E-002  -1.7617E-001   2.6973E-012  -1.4057E-002   1.4057E-002   4.6513E-002   4.6513E-002   1.0027E-002  -1.2650E-012  -1.5844E-002   1.9038E-003  -6.0002E-014   3.6055E-003  -3.6055E-003  -1.0050E-002  -1.0050E-002  -4.9072E-004   4.9072E-004  -1.2872E-002   1.0913E-002   5.3826E-002  
 7.0093E-001   6.6029E-001  -8.2612E-001   4.5979E-002  -1.0301E-001  -2.3289E-002  -1.3720E-003   1.1122E-003   4.3268E-002   8.9145E-002  -1.0638E-002  -1.9787E-003  -8.6856E-003   3.6434E-003  -1.7302E-003   8.4176E-003  -1.0501E-002  -1.9998E-002  -9.7302E-003  -3.4898E-004   1.4871E-003  -1.2616E-002   1.1968E-002   5.6733E-002  
 9.7040E-001   5.1245E-001  -7.6911E-001   6.7382E-003   4.3780E-002   1.8266E-002   2.3909E-002  -1.5923E-002   2.8245E-002   1.4505E-001  -3.9563E-002   2.7048E-003   6.5002E-003   5.1610E-003  -5.2089E-003   1.4903E-002  -2.2310E-002  -3.3143E-002  -6.4583E-003   4.6406E-004   2.1817E-003  -1.3038E-002   1.2865E-002   6.1189E-002  
 1.1728E+000   3.6688E-001  -6.4229E-001  -1.2015E-001   3.2923E-001   1.9418E-001   2.1394E-002  -1.2206E-002  -2.4843E-003   1.8079E-001  -9.7930E-002   3.3408E-002   5.6671E-002   1.2355E-002  -2.2370E-002   3.2780E-002  -5.7325E-002  -5.6200E-002   7.8227E-004   2.6133E-003   4.2332E-003  -1.4788E-002   1.1033E-002   6.2236E-002  
 1.0951E+000   3.2262E-001   7.5271E-001  -2.7985E-002  -1.1947E-001   1.1379E-001  -4.1729E-002  -1.7897E-002   6.1014E-002   1.6412E-001  -5.8360E-002   1.5225E-002  -1.5969E-002   5.5836E-004   1.1428E-002   1.4530E-002   3.3827E-002  -3.9749E-002  -1.4815E-002   3.1031E-003  -1.4933E-003  -1.3354E-002   1.3525E-002   7.3681E-002  
 8.0476E-001   4.5592E-001   9.1194E-001   3.4487E-002   4.6551E-002  -3.4910E-002  -7.3306E-003  -3.6629E-003   2.0727E-002   1.1381E-001  -2.0735E-002  -2.3687E-003   3.1805E-003   1.4842E-003   5.0096E-003   8.0772E-003   1.6092E-002  -2.5885E-002  -4.7099E-003   1.3691E-003  -1.2914E-003  -1.2718E-002   1.2303E-002   5.7793E-002  
 5.0262E-001   5.6214E-001   9.3734E-001   5.7898E-002   1.4529E-001  -7.7556E-002   1.3938E-002   8.3664E-003  -3.6352E-003   7.2799E-002   5.6647E-003  -6.9768E-003   1.3103E-002   1.2662E-003   1.8830E-003   3.4319E-003   5.6946E-003  -1.5813E-002   7.8161E-004   3.6246E-004  -7.5513E-004  -1.2647E-002   1.1260E-002   5.2278E-002  
 2.1108E-001   6.4406E-001   8.5835E-001   5.7259E-002   1.8747E-001  -5.4585E-002   2.3452E-002   1.7599E-002  -1.5542E-002   4.1241E-002   2.4039E-002  -4.8581E-003   1.6704E-002   7.2879E-004   4.5354E-004   3.0614E-004   3.9509E-004  -8.6250E-003   3.2478E-003  -2.0375E-005  -2.2802E-004  -1.3726E-002   9.5857E-003   5.7325E-002  
-4.3500E-002   7.0384E-001   7.0384E-001   4.4189E-002   1.8260E-001   2.5781E-012   2.4317E-002   2.4317E-002  -1.8330E-002   1.8330E-002   3.6252E-002  -3.6655E-013   1.5755E-002   3.6987E-004  -2.9821E-012  -1.6001E-003  -1.6001E-003  -3.8554E-003   3.8554E-003  -5.0583E-005  -5.0583E-005  -1.5340E-002   7.4352E-003   4.8940E-002  
-2.4215E-001   7.4452E-001   4.9682E-001   2.8145E-002   1.4210E-001   5.9051E-002   1.9204E-002   2.8775E-002  -1.5167E-002   2.9911E-003   4.4138E-002   4.9859E-003   1.2019E-002   1.2266E-004  -1.2789E-004  -2.9500E-003  -1.9640E-003  -6.3417E-004   3.2287E-003  -2.7765E-005   9.7175E-006  -1.6558E-002   5.7407E-003   3.9147E-002  
-3.6904E-001   7.6822E-001   2.5556E-001   1.5708E-002   7.6979E-002   1.0288E-001   1.0423E-002   3.1323E-002  -8.3967E-003  -5.8311E-003   4.8571E-002   8.6110E-003   6.4546E-003  -3.2485E-005  -9.6469E-005  -3.7736E-003  -1.2522E-003   1.2599E-003   1.8091E-003   3.7029E-006   1.9897E-005  -1.7279E-002   4.6887E-003   3.2806E-002  
-4.1220E-001   7.7592E-001   6.3131E-015   1.1124E-002  -2.5457E-015   1.1875E-001   2.2283E-015   3.2138E-002  -1.6298E-015  -8.6780E-003   4.9986E-002   9.9114E-003   2.2426E-016  -8.3856E-005   9.2802E-016  -4.0487E-003   2.9876E-015   1.8845E-003  -2.9677E-015   1.6874E-005   2.9783E-015  -1.7525E-002   4.3375E-003   3.1685E-002  
-3.6904E-001   7.6822E-001  -2.5556E-001   1.5708E-002  -7.6979E-002   1.0288E-001  -1.0423E-002   3.1323E-002   8.3967E-003  -5.8311E-003   4.8571E-002   8.6110E-003  -6.4546E-003  -3.2485E-005   9.6469E-005  -3.7736E-003   1.2522E-003   1.2599E-003  -1.8091E-003   3.7029E-006  -1.9897E-005  -1.7279E-002   4.6887E-003   3.2806E-002  
-2.4215E-001   7.4452E-001  -4.9682E-001   2.8145E-002  -1.4210E-001   5.9051E-002  -1.9204E-002   2.8775E-002   1.5167E-002   2.9911E-003   4.4138E-002   4.9859E-003  -1.2019E-002   1.2266E-004   1.2789E-004  -2.9500E-003   1.9640E-003  -6.3417E-004  -3.2287E-003  -2.7765E-005  -9.7175E-006  -1.6558E-002   5.7407E-003   3.9147E-002  
-4.3500E-002   7.0384E-001  -7.0384E-001   4.4189E-002  -1.8260E-001   2.5779E-012  -2.4317E-002   2.4317E-002   1.8330E-002   1.8330E-002   3.6252E-002  -3.6549E-013  -1.5755E-002   3.6987E-004   2.9823E-012  -1.6001E-003   1.6001E-003  -3.8554E-003  -3.8554E-003  -5.0583E-005   5.0583E-005  -1.5340E-002   7.4352E-003   4.8940E-002  
 2.1108E-001   6.4406E-001  -8.5835E-001   5.7259E-002  -1.8747E-001  -5.4585E-002  -2.3452E-002   1.7599E-002   1.5542E-002   4.1241E-002   2.4039E-002  -4.8581E-003  -1.6704E-002   7.2879E-004  -4.5354E-004   3.0614E-004  -3.9509E-004  -8.6250E-003  -3.2478E-003  -2.0375E-005   2.2802E-004  -1.3726E-002   9.5857E-003   5.7325E-002  
 5.0262E-001   5.6214E-001  -9.3734E-001   5.7898E-002  -1.4529E-001  -7.7556E-002  -1.3938E-002   8.3664E-003   3.6352E-003   7.2799E-002   5.6647E-003  -6.9768E-003  -1.3103E-002   1.2662E-003  -1.8830E-003   3.4319E-003  -5.6946E-003  -1.5813E-002  -7.8161E-004   3.6246E-004   7.5513E-004  -1.2647E-002   1.1260E-002   5.2278E-002  
 8.0476E-001   4.5592E-001  -9.1194E-001   3.4487E-002  -4.6551E-002  -3.4910E-002   7.3306E-003  -3.6629E-003  -2.0727E-002   1.1381E-001  -2.0735E-002  -2.3687E-003  -3.1805E-003   1.4842E-003  -5.0096E-003   8.0772E-003  -1.6092E-002  -2.5885E-002   4.7099E-003   1.3691E-003   1.2914E-003  -1.2718E-002   1.2303E-002   5.7793E-002  
 1.0951E+000   3.2262E-001  -7.5271E-001  -2.7985E-002   1.1947E-001   1.1379E-001   4.1729E-002  -1.7897E-002  -6.1014E-002   1.6412E-001  -5.8360E-002   1.5225E-002   1.5969E-002   5.5836E-004  -1.1428E-002   1.4530E-002  -3.3827E-002  -3.9749E-002   1.4815E-002   3.1031E-003   1.4933E-003  -1.3354E-002   1.3525E-002   7.3681E-002  
 9.9274E-001   2.4956E-001   8.7253E-001   2.0160E-003  -3.4369E-002   5.5167E-002  -3.0789E-002  -8.7947E-003   1.0242E-001   1.1326E-001  -4.2329E-002   7.5339E-003  -4.6904E-003  -3.3483E-003   6.8883E-003   7.7598E-003   2.7052E-002  -2.5902E-002  -2.3412E-002   2.2415E-003   4.0050E-004  -1.3030E-002   1.2953E-002   6.1704E-002  
 6.7417E-001   3.3704E-001   1.0103E+000   4.8360E-002   6.9574E-002  -9.2648E-002   3.8261E-003   1.2783E-003   5.4131E-002   7.8302E-002  -8.1851E-003  -7.9714E-003   6.0157E-003  -1.0237E-003   3.5809E-003   3.9266E-003   1.1703E-002  -1.7474E-002  -1.2081E-002   1.4174E-003  -6.6532E-005  -1.2553E-002   1.1893E-002   5.5267E-002  
 3.4665E-001   4.0575E-001   1.0139E+000   5.9735E-002   1.2970E-001  -1.3607E-001   2.2640E-002   9.0681E-003   2.3356E-002   5.1078E-002   1.6128E-002  -1.2174E-002   1.1629E-002  -6.3021E-005   1.4623E-003   1.1198E-003   2.7606E-003  -1.0942E-002  -4.9979E-003   5.1631E-004  -1.7046E-004  -1.3161E-002   1.0397E-002   5.5652E-002  
 3.1858E-002   4.5852E-001   9.1574E-001   4.9027E-002   1.5170E-001  -1.1349E-001   2.9925E-002   1.4986E-002   5.4356E-003   3.0210E-002   3.2915E-002  -9.8628E-003   1.3213E-002   1.3132E-004   4.6153E-004  -7.1206E-004  -1.4333E-003  -6.3315E-003  -1.1465E-003   7.1153E-005  -5.6021E-005  -1.4855E-002   8.0837E-003   5.2786E-002  
-2.4215E-001   4.9682E-001   7.4452E-001   2.8145E-002   1.4210E-001  -5.9051E-002   2.8775E-002   1.9204E-002  -2.9911E-003   1.5167E-002   4.4138E-002  -4.9859E-003   1.2019E-002   1.2266E-004   1.2789E-004  -1.9640E-003  -2.9500E-003  -3.2287E-003   6.3417E-004   9.7175E-006  -2.7765E-005  -1.6558E-002   5.7407E-003   3.9147E-002  
-4.5547E-001   5.2281E-001   5.2281E-001   6.3625E-003   1.0848E-001   3.8947E-013   2.1977E-002   2.1977E-002  -5.1314E-003   5.1314E-003   5.1364E-002   1.7351E-012   9.0487E-003   5.8090E-005  -1.9194E-012  -2.8785E-003  -2.8785E-003  -1.1181E-003   1.1181E-003  -4.5031E-006  -4.5031E-006  -1.7766E-002   4.0036E-003   2.7819E-002  
-5.9152E-001   5.3793E-001   2.6817E-001  -9.6615E-003   5.8219E-002   4.3876E-002   1.1728E-002   2.3524E-002  -3.4539E-003  -6.3776E-004   5.5444E-002   3.6206E-003   4.8112E-003   2.8115E-006  -2.2538E-005  -3.4085E-003  -1.6981E-003   1.4299E-004   7.6037E-004   1.0431E-006   3.9026E-006  -1.8547E-002   2.9481E-003   2.0615E-002  
-6.3777E-001   5.4284E-001   4.6524E-015  -1.5442E-002  -4.8365E-016   5.9767E-002   8.0067E-015   2.4017E-002  -6.2488E-015  -2.4982E-003   5.6744E-002   4.9171E-003  -2.5829E-015  -1.8066E-005   2.2075E-015  -3.5825E-003   1.0443E-014   5.5539E-004  -8.1009E-015   4.5786E-006   6.8609E-015  -1.8809E-002   2.6064E-003   1.9029E-002  
-5.9152E-001   5.3793E-001  -2.6817E-001  -9.6615E-003  -5.8219E-002   4.3876E-002  -1.1728E-002   2.3524E-002   3.4539E-003  -6.3776E-004   5.5444E-002   3.6206E-003  -4.8112E-003   2.8115E-006   2.2538E-005  -3.4085E-003   1.6981E-003   1.4299E-004  -7.6037E-004   1.0431E-006  -3.9026E-006  -1.8547E-002   2.9481E-003   2.0615E-002  
-4.5547E-001   5.2281E-001  -5.2281E-001   6.3625E-003  -1.0848E-001   3.9014E-013  -2.1977E-002   2.1977E-002   5.1314E-003   5.1314E-003   5.1364E-002   1.7338E-012  -9.0487E-003   5.8090E-005   1.9195E-012  -2.8785E-003   2.8785E-003  -1.1181E-003  -1.1181E-003  -4.5031E-006   4.5031E-006  -1.7766E-002   4.0036E-003   2.7819E-002  
-2.4215E-001   4.9682E-001  -7.4452E-001   2.8145E-002  -1.4210E-001  -5.9051E-002  -2.8775E-002   1.9204E-002   2.9911E-003   1.5167E-002   4.4138E-002  -4.9859E-003  -1.2019E-002   1.2266E-004  -1.2789E-004  -1.9640E-003   2.9500E-003  -3.2287E-003  -6.3417E-004   9.7175E-006   2.7765E-005  -1.6558E-002   5.7407E-003   3.9147E-002  
 3.1858E-002   4.5852E-001  -9.1574E-001   4.9027E-002  -1.5170E-001  -1.1349E-001  -2.9925E-002   1.4986E-002  -5.4356E-003   3.0210E-002   3.2915E-002  -9.8628E-003  -1.3213E-002   1.3132E-004  -4.6153E-004  -7.1206E-004   1.4333E-003  -6.3315E-003   1.1465E-003   7.1153E-005   5.6021E-005  -1.4855E-002   8.0837E-003   5.2786E-002  
 3.4665E-001   4.0575E-001  -1.0139E+000   5.9735E-002  -1.2970E-001  -1.3607E-001  -2.2640E-002   9.0681E-003  -2.3356E-002   5.1078E-002   1.6128E-002  -1.2174E-002  -1.1629E-002  -6.3021E-005  -1.4623E-003   1.1198E-003  -2.7606E-003  -1.0942E-002   4.9979E-003   5.1631E-004   1.7046E-004  -1.3161E-002   1.0397E-002   5.5652E-002  
 6.7417E-001   3.3704E-001  -1.0103E+000   4.8360E-002  -6.9574E-002  -9.2648E-002  -3.8261E-003   1.2783E-003  -5.4131E-002   7.8302E-002  -8.1851E-003  -7.9714E-003  -6.0157E-003  -1.0237E-003  -3.5809E-003   3.9266E-003  -1.1703E-002  -1.7474E-002   1.2081E-002   1.4174E-003   6.6532E-005  -1.2553E-002   1.1893E-002   5.5267E-002  
 9.9274E-001   2.4956E-001  -8.7253E-001   2.0160E-003   3.4369E-002   5.5167E-002   3.0789E-002  -8.7947E-003  -1.0242E-001   1.1326E-001  -4.2329E-002   7.5339E-003   4.6904E-003  -3.3483E-003  -6.8883E-003   7.7598E-003  -2.7052E-002  -2.5902E-002   2.3412E-002   2.2415E-003  -4.0050E-004  -1.3030E-002   1.2953E-002   6.1704E-002  
 9.2480E-001   1.3485E-001   9.4569E-001   1.5706E-002  -3.9621E-003   1.3620E-002  -2.2184E-002  -3.1520E-003   1.2587E-001   5.6939E-002  -3.3956E-002   3.4442E-003  -1.0004E-003  -5.6440E-003   3.6134E-003   3.4381E-003   2.3946E-002  -1.3025E-002  -2.8791E-002   1.4119E-003   1.6288E-003  -1.2899E-002   1.2699E-002   6.0308E-002  
 5.9009E-001   1.7764E-001   1.0681E+000   5.4186E-002   4.6374E-002  -1.3554E-001   1.0296E-002   1.7213E-003   7.3712E-002   3.9734E-002  -1.0005E-003  -1.2109E-002   4.1582E-003  -2.2674E-003   1.7754E-003   1.5351E-003   9.1000E-003  -8.7123E-003  -1.6176E-002   7.8273E-004   7.1733E-004  -1.2511E-002   1.1635E-002   5.2204E-002  
 2.4656E-001   2.1123E-001   1.0587E+000   5.8251E-002   7.4603E-002  -1.7950E-001   2.7645E-002   5.5192E-003   3.9072E-002   2.6203E-002   2.2088E-002  -1.6005E-002   6.6636E-003  -6.9466E-004   7.1436E-004   2.2590E-004   1.0455E-003  -5.5143E-003  -8.2284E-003   2.7041E-004   1.7330E-004  -1.3548E-002   9.8036E-003   5.7221E-002  
-8.2865E-002   2.3695E-001   9.4927E-001   4.1376E-002   8.3690E-002  -1.5717E-001   3.3660E-002   8.4047E-003   1.7525E-002   1.5812E-002   3.7920E-002  -1.3475E-002   7.1884E-003  -1.8448E-004   2.7323E-004  -6.1586E-004  -2.5038E-003  -3.3337E-003  -3.7052E-003   6.6110E-005   3.2323E-005  -1.5585E-002   7.0812E-003   4.7662E-002  
-3.6904E-001   2.5556E-001   7.6822E-001   1.5708E-002   7.6979E-002  -1.0288E-001   3.1323E-002   1.0423E-002   5.8311E-003   8.3967E-003   4.8571E-002  -8.6110E-003   6.4546E-003  -3.2485E-005   9.6469E-005  -1.2522E-003  -3.7736E-003  -1.8091E-003  -1.2599E-003   1.9897E-005   3.7029E-006  -1.7279E-002   4.6887E-003   3.2806E-002  
-5.9152E-001   2.6817E-001   5.3793E-001  -9.6615E-003   5.8219E-002  -4.3876E-002   2.3524E-002   1.1728E-002   6.3776E-004   3.4539E-003   5.5444E-002  -3.6206E-003   4.8112E-003   2.8115E-006   2.2538E-005  -1.6981E-003  -3.4085E-003  -7.6037E-004  -1.4299E-004   3.9026E-006   1.0432E-006  -1.8547E-002   2.9481E-003   2.0615E-002  
-7.3330E-001   2.7550E-001   2.7550E-001  -2.7880E-002   3.1102E-002   2.8524E-012   1.2458E-002   1.2458E-002  -6.1314E-004   6.1314E-004   5.9305E-002   6.3485E-012   2.5485E-003   1.7400E-007  -6.3382E-012  -1.9588E-003  -1.9588E-003  -1.3593E-004   1.3593E-004   1.4375E-006   1.4375E-006  -1.9345E-002   1.9586E-003   1.2341E-002  
-7.8147E-001   2.7788E-001  -5.0042E-016  -3.4396E-002   1.0352E-015   1.5895E-002  -3.2951E-015   1.2689E-002   1.9457E-015  -3.0250E-004   6.0532E-002   1.2970E-003   5.3212E-016  -4.4151E-006  -1.1639E-015  -2.0436E-003  -4.6244E-015   6.9443E-005   3.0424E-015   1.5877E-006  -3.0452E-015  -1.9614E-002   1.6750E-003   9.7108E-003  
-7.3330E-001   2.7550E-001  -2.7550E-001  -2.7880E-002  -3.1102E-002   2.8544E-012  -1.2458E-002   1.2458E-002   6.1314E-004   6.1314E-004   5.9305E-002   6.3471E-012  -2.5485E-003   1.7400E-007   6.3399E-012  -1.9588E-003   1.9588E-003  -1.3593E-004  -1.3593E-004   1.4375E-006  -1.4375E-006  -1.9345E-002   1.9586E-003   1.2341E-002  
-5.9152E-001   2.6817E-001  -5.3793E-001  -9.6615E-003  -5.8219E-002  -4.3876E-002  -2.3524E-002   1.1728E-002  -6.3776E-004   3.4539E-003   5.5444E-002  -3.6206E-003  -4.8112E-003   2.8115E-006  -2.2538E-005  -1.6981E-003   3.4085E-003  -7.6037E-004   1.4299E-004   3.9026E-006  -1.0432E-006  -1.8547E-002   2.9481E-003   2.0615E-002  
-3.6904E-001   2.5556E-001  -7.6822E-001   1.5708E-002  -7.6979E-002  -1.0288E-001  -3.1323E-002   1.0423E-002  -5.8311E-003   8.3967E-003   4.8571E-002  -8.6110E-003  -6.4546E-003  -3.2485E-005  -9.6469E-005  -1.2522E-003   3.7736E-003  -1.8091E-003   1.2599E-003   1.9897E-005  -3.7029E-006  -1.7279E-002   4.6887E-003   3.2806E-002  
-8.2865E-002   2.3695E-001  -9.4927E-001   4.1376E-002  -8.3690E-002  -1.5717E-001  -3.3660E-002   8.4047E-003  -1.7525E-002   1.5812E-002   3.7920E-002  -1.3475E-002  -7.1884E-003  -1.8448E-004  -2.7323E-004  -6.1586E-004   2.5038E-003  -3.3337E-003   3.7052E-003   6.6110E-005  -3.2323E-005  -1.5585E-002   7.0812E-003   4.7662E-002  
 2.4656E-001   2.1123E-001  -1.0587E+000   5.8251E-002  -7.4603E-002  -1.7950E-001  -2.7645E-002   5.5192E-003  -3.9072E-002   2.6203E-002   2.2088E-002  -1.6005E-002  -6.6636E-003  -6.9466E-004  -7.1436E-004   2.2590E-004  -1.0455E-003  -5.5143E-003   8.2284E-003   2.7041E-004  -1.7330E-004  -1.3548E-002   9.8036E-003   5.7221E-002  
 5.9009E-001   1.7764E-001  -1.0681E+000   5.4186E-002  -4.6374E-002  -1.3554E-001  -1.0296E-002   1.7213E-003  -7.3712E-002   3.9734E-002  -1.0005E-003  -1.2109E-002  -4.1582E-003  -2.2674E-003  -1.7754E-003   1.5351E-003  -9.1000E-003  -8.7123E-003   1.6176E-002   7.8273E-004  -7.1733E-004  -1.2511E-002   1.1635E-002   5.2204E-002  
 9.2480E-001   1.3485E-001  -9.4569E-001   1.5706E-002   3.9621E-003   1.3620E-002   2.2184E-002  -3.1520E-003  -1.2587E-001   5.6939E-002  -3.3956E-002   3.4442E-003   1.0004E-003  -5.6440E-003  -3.6134E-003   3.4381E-003  -2.3946E-002  -1.3025E-002   2.8791E-002   1.4119E-003  -1.6288E-003  -1.2899E-002   1.2699E-002   6.0308E-002  
 9.0157E-001  -2.0725E-017   9.6961E-001   1.9821E-002   2.4159E-017  -1.4451E-003  -1.9391E-002   4.1025E-017   1.3349E-001   6.7264E-017  -3.1252E-002   1.9846E-003   2.3732E-016  -6.3750E-003  -4.5415E-017  -1.7705E-016   2.2949E-002  -1.1287E-016  -3.0526E-002  -6.9058E-017   2.0894E-003  -1.2887E-002   1.2598E-002   5.9815E-002  
 5.6136E-001   5.0662E-018   1.0870E+000   5.5677E-002   3.4111E-016  -1.5106E-001   1.2415E-002  -2.0206E-016   8.0073E-002   6.0684E-016   1.2900E-003  -1.3583E-002   4.3048E-016  -2.6206E-003  -8.3849E-016  -1.5906E-016   8.2793E-003   6.1781E-016  -1.7482E-002  -9.9692E-016   9.4810E-004  -1.2510E-002   1.1536E-002   5.1572E-002  
 2.1242E-001   2.5759E-017   1.0734E+000   5.7293E-002  -3.5576E-016  -1.9521E-001   2.9285E-002   2.3375E-016   4.4160E-002  -3.1685E-016   2.3966E-002  -1.7360E-002  -2.2125E-016  -8.5800E-004   5.2815E-016   3.4906E-017   5.1703E-004  -4.0906E-016  -9.2669E-003   7.1048E-016   2.3208E-004  -1.3730E-002   9.5674E-003   5.7993E-002  
-1.2193E-001   2.0495E-016   9.6018E-001   3.8400E-002  -1.7156E-017  -1.7298E-001   3.4861E-002   1.1939E-016   2.1425E-002   3.3080E-016   3.9512E-002  -1.4773E-002   1.3294E-016  -2.8648E-004  -8.6428E-019  -6.7945E-017  -2.8641E-003   3.2083E-017  -4.5406E-003  -3.4120E-017   6.3446E-005  -1.5824E-002   6.7428E-003   4.7251E-002  
-4.1220E-001   1.8019E-017   7.7592E-001   1.1124E-002  -3.3635E-017  -1.1875E-001   3.2138E-002  -1.6218E-016   8.6780E-003   3.7021E-017   4.9986E-002  -9.9114E-003   2.2462E-017  -8.3856E-005  -1.0983E-016   8.4754E-018  -4.0487E-003  -4.3518E-019  -1.8845E-003   2.5447E-016   1.6874E-005  -1.7525E-002   4.3375E-003   3.1685E-002  
-6.3777E-001  -5.8775E-018   5.4284E-001  -1.5442E-002  -1.1087E-016  -5.9767E-002   2.4017E-002   1.4468E-017   2.4982E-003   5.9634E-017   5.6744E-002  -4.9171E-003   1.0214E-016  -1.8066E-005   9.0098E-017   9.4161E-017  -3.5825E-003  -5.6413E-017  -5.5539E-004   3.2617E-017   4.5786E-006  -1.8809E-002   2.6064E-003   1.9029E-002  
-7.8147E-001   6.3473E-017   2.7788E-001  -3.4396E-002  -3.4526E-017  -1.5895E-002   1.2689E-002  -9.5505E-018   3.0250E-004   5.9324E-017   6.0532E-002  -1.2970E-003  -9.9954E-017  -4.4151E-006   1.1926E-017   7.1452E-017  -2.0436E-003   4.8114E-017  -6.9443E-005  -2.9888E-017   1.5877E-006  -1.9614E-002   1.6750E-003   9.7108E-003  
-8.3028E-001  -4.6957E-016   2.7407E-015  -4.1154E-002   7.0701E-017   1.7101E-011   4.3772E-015   1.3205E-016  -4.4038E-015  -7.7993E-017   6.1736E-002  -3.6390E-013   1.1922E-015  -2.8844E-006  -6.5771E-017  -4.1902E-016   5.5373E-015  -7.8264E-017  -3.9473E-015  -3.8549E-017   4.2923E-015  -1.9882E-002   1.4444E-003   5.2936E-003  
-7.8147E-001  -2.4860E-016  -2.7788E-001  -3.4396E-002   4.9127E-016  -1.5895E-002  -1.2689E-002  -3.8026E-016  -3.0250E-004   9.2064E-016   6.0532E-002  -1.2970E-003   5.7845E-016  -4.4151E-006  -1.2724E-015  -3.7840E-016   2.0436E-003   1.1103E-015   6.9443E-005  -1.7879E-015  -1.5877E-006  -1.9614E-002   1.6750E-003   9.7108E-003  
-6.3777E-001   6.4575E-016  -5.4284E-001  -1.5442E-002  -1.5343E-015  -5.9767E-002  -2.4017E-002   8.6418E-016  -2.4982E-003  -2.3660E-015   5.6744E-002  -4.9171E-003  -1.8242E-015  -1.8066E-005   3.4383E-015   1.1741E-015   3.5825E-003  -3.1806E-015   5.5539E-004   4.5009E-015  -4.5786E-006  -1.8809E-002   2.6064E-003   1.9029E-002  
-4.1220E-001   2.8538E-016  -7.7592E-001   1.1124E-002  -5.5642E-016  -1.1875E-001  -3.2138E-002   3.1581E-016  -8.6780E-003  -9.9055E-016   4.9986E-002  -9.9114E-003  -6.3662E-016  -8.3856E-005   1.4456E-015   3.8432E-016   4.0487E-003  -1.2041E-015   1.8845E-003   2.0111E-015  -1.6874E-005  -1.7525E-002   4.3375E-003   3.1685E-002  
-1.2193E-001  -2.1777E-016  -9.6018E-001   3.8400E-002   9.3622E-017  -1.7298E-001  -3.4861E-002  -9.4328E-018  -2.1425E-002   9.6597E-017   3.9512E-002  -1.4773E-002   3.9288E-016  -2.8648E-004  -1.8865E-016  -2.0244E-016   2.8641E-003   1.7411E-016   4.5406E-003  -9.2185E-017  -6.3446E-005  -1.5824E-002   6.7428E-003   4.7251E-002  
 2.1242E-001   1.8481E-016  -1.0734E+000   5.7293E-002  -2.0048E-016  -1.9521E-001  -2.9285E-002   1.5296E-016  -4.4160E-002  -4.2710E-016   2.3966E-002  -1.7360E-002  -3.9872E-016  -8.5800E-004   6.1394E-016   3.0723E-016  -5.1703E-004  -4.5945E-016   9.2669E-003   8.0464E-016  -2.3208E-004  -1.3730E-002   9.5674E-003   5.7993E-002  
 5.6136E-001  -2.2155E-016  -1.0870E+000   5.5677E-002   4.7227E-016  -1.5106E-001  -1.2415E-002  -3.2306E-016  -8.0073E-002   7.5198E-016   1.2900E-003  -1.3583E-002   7.1065E-016  -2.6206E-003  -9.1545E-016  -3.1314E-016  -8.2793E-003   9.8900E-016   1.7482E-002  -1.4322E-015  -9.4810E-004  -1.2510E-002   1.1536E-002   5.1572E-002  
 9.0157E-001  -1.0089E-016  -9.6961E-001   1.9821E-002   1.4941E-016  -1.4451E-003   1.9391E-002  -1.5747E-016  -1.3349E-001   4.5834E-016  -3.1252E-002   1.9846E-003   6.8489E-017  -6.3750E-003  -1.9926E-016  -1.3741E-016  -2.2949E-002   3.2145E-016   3.0526E-002  -3.6247E-016  -2.0894E-003  -1.2887E-002   1.2598E-002   5.9815E-002  
 9.2480E-001  -1.3485E-001   9.4569E-001   1.5706E-002   3.9621E-003   1.3620E-002  -2.2184E-002   3.1520E-003   1.2587E-001  -5.6939E-002  -3.3956E-002   3.4442E-003   1.0004E-003  -5.6440E-003  -3.6134E-003  -3.4381E-003   2.3946E-002   1.3025E-002  -2.8791E-002  -1.4119E-003   1.6288E-003  -1.2899E-002   1.2699E-002   6.0308E-002  
 5.9009E-001  -1.7764E-001   1.0681E+000   5.4186E-002  -4.6374E-002  -1.3554E-001   1.0296E-002  -1.7213E-003   7.3712E-002  -3.9734E-002  -1.0005E-003  -1.2109E-002  -4.1582E-003  -2.2674E-003  -1.7754E-003  -1.5351E-003   9.1000E-003   8.7123E-003  -1.6176E-002  -7.8273E-004   7.1733E-004  -1.2511E-002   1.1635E-002   5.2204E-002  
 2.4656E-001  -2.1123E-001   1.0587E+000   5.8251E-002  -7.4603E-002  -1.7950E-001   2.7645E-002  -5.5192E-003   3.9072E-002  -2.6203E-002   2.2088E-002  -1.6005E-002  -6.6636E-003  -6.9466E-004  -7.1436E-004  -2.2590E-004   1.0455E-003   5.5143E-003  -8.2284E-003  -2.7041E-004   1.7330E-004  -1.3548E-002   9.8036E-003   5.7221E-002  
-8.2865E-002  -2.3695E-001   9.4927E-001   4.1376E-002  -8.3690E-002  -1.5717E-001   3.3660E-002  -8.4047E-003   1.7525E-002  -1.5812E-002   3.7920E-002  -1.3475E-002  -7.1884E-003  -1.8448E-004  -2.7323E-004   6.1586E-004  -2.5038E-003   3.3337E-003  -3.7052E-003  -6.6110E-005   3.2323E-005  -1.5585E-002   7.0812E-003   4.7662E-002  
-3.6904E-001  -2.5556E-001   7.6822E-001   1.5708E-002  -7.6979E-002  -1.0288E-001   3.1323E-002  -1.0423E-002   5.8311E-003  -8.3967E-003   4.8571E-002  -8.6110E-003  -6.4546E-003  -3.2485E-005  -9.6469E-005   1.2522E-003  -3.7736E-003   1.8091E-003  -1.2599E-003  -1.9897E-005   3.7029E-006  -1.7279E-002   4.6887E-003   3.2806E-002  
-5.9152E-001  -2.6817E-001   5.3793E-001  -9.6615E-003  -5.8219E-002  -4.3876E-002   2.3524E-002  -1.1728E-002   6.3776E-004  -3.4539E-003   5.5444E-002  -3.6206E-003  -4.8112E-003   2.8115E-006  -2.2538E-005   1.6981E-003  -3.4085E-003   7.6037E-004  -1.4299E-004  -3.9026E-006   1.0432E-006  -1.8547E-002   2.9481E-003   2.0615E-002  
-7.3330E-001  -2.7550E-001   2.7550E-001  -2.7880E-002  -3.1102E-002   2.8549E-012   1.2458E-002  -1.2458E-002  -6.1314E-004  -6.1314E-004   5.9305E-002   6.3486E-012  -2.5485E-003   1.7400E-007   6.3386E-012   1.9588E-003  -1.9588E-003   1.3593E-004   1.3593E-004  -1.4375E-006   1.4375E-006  -1.9345E-002   1.9586E-003   1.2341E-002  
-7.8147E-001  -2.7788E-001  -5.8178E-016  -3.4396E-002  -4.2943E-017   1.5895E-002  -3.3514E-015  -1.2689E-002   2.3210E-015   3.0250E-004   6.0532E-002   1.2970E-003   8.2690E-016  -4.4151E-006  -1.5135E-015   2.0436E-003  -4.8804E-015  -6.9443E-005   2.9891E-015  -1.5877E-006  -3.1601E-015  -1.9614E-002   1.6750E-003   9.7108E-003  
-7.3330E-001  -2.7550E-001  -2.7550E-001  -2.7880E-002   3.1102E-002   2.8553E-012  -1.2458E-002  -1.2458E-002   6.1314E-004  -6.1314E-004   5.9305E-002   6.3493E-012   2.5485E-003   1.7400E-007  -6.3362E-012   1.9588E-003   1.9588E-003   1.3593E-004  -1.3593E-004  -1.4375E-006  -1.4375E-006  -1.9345E-002   1.9586E-003   1.2341E-002  
-5.9152E-001  -2.6817E-001  -5.3793E-001  -9.6615E-003   5.8219E-002  -4.3876E-002  -2.3524E-002  -1.1728E-002  -6.3776E-004  -3.4539E-003   5.5444E-002  -3.6206E-003   4.8112E-003   2.8115E-006   2.2538E-005   1.6981E-003   3.4085E-003   7.6037E-004   1.4299E-004  -3.9026E-006  -1.0432E-006  -1.8547E-002   2.9481E-003   2.0615E-002  
-3.6904E-001  -2.5556E-001  -7.6822E-001   1.5708E-002   7.6979E-002  -1.0288E-001  -3.1323E-002  -1.0423E-002  -5.8311E-003  -8.3967E-003   4.8571E-002  -8.6110E-003   6.4546E-003  -3.2485E-005   9.6469E-005   1.2522E-003   3.7736E-003   1.8091E-003   1.2599E-003  -1.9897E-005  -3.7029E-006  -1.7279E-002   4.6887E-003   3.2806E-002  
-8.2865E-002  -2.3695E-001  -9.4927E-001   4.1376E-002   8.3690E-002  -1.5717E-001  -3.3660E-002  -8.4047E-003  -1.7525E-002  -1.5812E-002   3.7920E-002  -1.3475E-002   7.1884E-003  -1.8448E-004   2.7323E-004   6.1586E-004   2.5038E-003   3.3337E-003   3.7052E-003  -6.6110E-005  -3.2323E-005  -1.5585E-002   7.0812E-003   4.7662E-002  
 2.4656E-001  -2.1123E-001  -1.0587E+000   5.8251E-002   7.4603E-002  -1.7950E-001  -2.7645E-002  -5.5192E-003  -3.9072E-002  -2.6203E-002   2.2088E-002  -1.6005E-002   6.6636E-003  -6.9466E-004   7.1436E-004  -2.2590E-004  -1.0455E-003   5.5143E-003   8.2284E-003  -2.7041E-004  -1.7330E-004  -1.3548E-002   9.8036E-003   5.7221E-002  
 5.9009E-001  -1.7764E-001  -1.0681E+000   5.4186E-002   4.6374E-002  -1.3554E-001  -1.0296E-002  -1.7213E-003  -7.3712E-002  -3.9734E-002  -1.0005E-003  -1.2109E-002   4.1582E-003  -2.2674E-003   1.7754E-003  -1.5351E-003  -9.1000E-003   8.7123E-003   1.6176E-002  -7.8273E-004  -7.1733E-004  -1.2511E-002   1.1635E-002   5.2204E-002  
 9.2480E-001  -1.3485E-001  -9.4569E-001   1.5706E-002  -3.9621E-003   1.3620E-002   2.2184E-002   3.1520E-003  -1.2587E-001  -5.6939E-002  -3.3956E-002   3.4442E-003  -1.0004E-003  -5.6440E-003   3.6134E-003  -3.4381E-003  -2.3946E-002   1.3025E-002   2.8791E-002  -1.4119E-003  -1.6288E-003  -1.2899E-002   1.2699E-002   6.0308E-002  
 9.9274E-001  -2.4956E-001   8.7253E-001   2.0160E-003   3.4369E-002   5.5167E-002  -3.0789E-002   8.7947E-003   1.0242E-001  -1.1326E-001  -4.2329E-002   7.5339E-003   4.6904E-003  -3.3483E-003  -6.8883E-003  -7.7598E-003   2.7052E-002   2.5902E-002  -2.3412E-002  -2.2415E-003   4.0050E-004  -1.3030E-002   1.2953E-002   6.1704E-002  
 6.7417E-001  -3.3704E-001   1.0103E+000   4.8360E-002  -6.9574E-002  -9.2648E-002   3.8261E-003  -1.2783E-003   5.4131E-002  -7.8302E-002  -8.1851E-003  -7.9714E-003  -6.0157E-003  -1.0237E-003  -3.5809E-003  -3.9266E-003   1.1703E-002   1.7474E-002  -1.2081E-002  -1.4174E-003  -6.6532E-005  -1.2553E-002   1.1893E-002   5.5267E-002  
 3.4665E-001  -4.0575E-001   1.0139E+000   5.9735E-002  -1.2970E-001  -1.3607E-001   2.2640E-002  -9.0681E-003   2.3356E-002  -5.1078E-002   1.6128E-002  -1.2174E-002  -1.1629E-002  -6.3021E-005  -1.4623E-003  -1.1198E-003   2.7606E-003   1.0942E-002  -4.9979E-003  -5.1631E-004  -1.7046E-004  -1.3161E-002   1.0397E-002   5.5652E-002  
 3.1858E-002  -4.5852E-001   9.1574E-001   4.9027E-002  -1.5170E-001  -1.1349E-001   2.9925E-002  -1.4986E-002   5.4356E-003  -3.0210E-002   3.2915E-002  -9.8628E-003  -1.3213E-002   1.3132E-004  -4.6153E-004   7.1206E-004  -1.4333E-003   6.3315E-003  -1.1465E-003  -7.1153E-005  -5.6021E-005  -1.4855E-002   8.0837E-003   5.2786E-002  
-2.4215E-001  -4.9682E-001   7.4452E-001   2.8145E-002  -1.4210E-001  -5.9051E-002   2.8775E-002  -1.9204E-002  -2.9911E-003  -1.5167E-002   4.4138E-002  -4.9859E-003  -1.2019E-002   1.2266E-004  -1.2789E-004   1.9640E-003  -2.9500E-003   3.2287E-003   6.3417E-004  -9.7175E-006  -2.7765E-005  -1.6558E-002   5.7407E-003   3.9147E-002  
-4.5547E-001  -5.2281E-001   5.2281E-001   6.3625E-003  -1.0848E-001   3.9013E-013   2.1977E-002  -2.1977E-002  -5.1314E-003  -5.1314E-003   5.1364E-002   1.7331E-012  -9.0487E-003   5.8090E-005   1.9186E-012   2.8785E-003  -2.8785E-003   1.1181E-003   1.1181E-003   4.5031E-006  -4.5031E-006  -1.7766E-002   4.0036E-003   2.7819E-002  
-5.9152E-001  -5.3793E-001   2.6817E-001  -9.6615E-003  -5.8219E-002   4.3876E-002   1.1728E-002  -2.3524E-002  -3.4539E-003   6.3776E-004   5.5444E-002   3.6206E-003  -4.8112E-003   2.8115E-006   2.2538E-005   3.4085E-003  -1.6981E-003  -1.4299E-004   7.6037E-004  -1.0431E-006   3.9026E-006  -1.8547E-002   2.9481E-003   2.0615E-002  
-6.3777E-001  -5.4284E-001   6.2919E-015  -1.5442E-002  -1.5272E-016   5.9767E-002   7.7141E-015  -2.4017E-002  -6.6447E-015   2.4982E-003   5.6744E-002   4.9171E-003  -2.4051E-015  -1.8066E-005   4.2535E-015   3.5825E-003   8.8505E-015  -5.5539E-004  -8.7632E-015  -4.5786E-006   7.5818E-015  -1.8809E-002   2.6064E-003   1.9029E-002  
-5.9152E-001  -5.3793E-001  -2.6817E-001  -9.6615E-003   5.8219E-002   4.3876E-002  -1.1728E-002  -2.3524E-002   3.4539E-003   6.3776E-004   5.5444E-002   3.6206E-003   4.8112E-003   2.8115E-006  -2.2538E-005   3.4085E-003   1.6981E-003  -1.4299E-004  -7.6037E-004  -1.0431E-006  -3.9026E-006  -1.8547E-002   2.9481E-003   2.0615E-002  
-4.5547E-001  -5.2281E-001  -5.2281E-001   6.3625E-003   1.0848E-001   3.9268E-013  -2.1977E-002  -2.1977E-002   5.1314E-003  -5.1314E-003   5.1364E-002   1.7338E-012   9.0487E-003   5.8090E-005  -1.9200E-012   2.8785E-003   2.8785E-003   1.1181E-003  -1.1181E-003   4.5031E-006   4.5031E-006  -1.7766E-002   4.0036E-003   2.7819E-002  
-2.4215E-001  -4.9682E-001  -7.4452E-001   2.8145E-002   1.4210E-001  -5.9051E-002  -2.8775E-002  -1.9204E-002   2.9911E-003  -1.5167E-002   4.4138E-002  -4.9859E-003   1.2019E-002   1.2266E-004   1.2789E-004   1.9640E-003   2.9500E-003   3.2287E-003  -6.3417E-004  -9.7175E-006   2.7765E-005  -1.6558E-002   5.7407E-003   3.9147E-002  
 3.1858E-002  -4.5852E-001  -9.1574E-001   4.9027E-002   1.5170E-001  -1.1349E-001  -2.9925E-002  -1.4986E-002  -5.4356E-003  -3.0210E-002   3.2915E-002  -9.8628E-003   1.3213E-002   1.3132E-004   4.6153E-004   7.1206E-004   1.4333E-003   6.3315E-003   1.1465E-003  -7.1153E-005   5.6021E-005  -1.4855E-002   8.0837E-003   5.2786E-002  
 3.4665E-001  -4.0575E-001  -1.0139E+000   5.9735E-002   1.2970E-001  -1.3607E-001  -2.2640E-002  -9.0681E-003  -2.3356E-002  -5.1078E-002   1.6128E-002  -1.2174E-002   1.1629E-002  -6.3021E-005   1.4623E-003  -1.1198E-003  -2.7606E-003   1.0942E-002   4.9979E-003  -5.1631E-004   1.7046E-004  -1.3161E-002   1.0397E-002   5.5652E-002  
 6.7417E-001  -3.3704E-001  -1.0103E+000   4.8360E-002   6.9574E-002  -9.2648E-002  -3.8261E-003  -1.2783E-003  -5.4131E-002  -7.8302E-002  -8.1851E-003  -7.9714E-003   6.0157E-003  -1.0237E-003   3.5809E-003  -3.9266E-003  -1.1703E-002   1.7474E-002   1.2081E-002  -1.4174E-003   6.6532E-005  -1.2553E-002   1.1893E-002   5.5267E-002  
 9.9274E-001  -2.4956E-001  -8.7253E-001   2.0160E-003  -3.4369E-002   5.5167E-002   3.0789E-002   8.7947E-003  -1.0242E-001  -1.1326E-001  -4.2329E-002   7.5339E-003  -4.6904E-003  -3.3483E-003   6.8883E-003  -7.7598E-003  -2.7052E-002   2.5902E-002   2.3412E-002  -2.2415E-003  -4.0050E-004  -1.3030E-002   1.2953E-002   6.1704E-002  
 1.0951E+000  -3.2262E-001   7.5271E-001  -2.7985E-002   1.1947E-001   1.1379E-001  -4.1729E-002   1.7897E-002   6.1014E-002  -1.6412E-001  -5.8360E-002   1.5225E-002   1.5969E-002   5.5836E-004  -1.1428E-002  -1.4530E-002   3.3827E-002   3.9749E-002  -1.4815E-002  -3.1031E-003  -1.4933E-003  -1.3354E-002   1.3525E-002   7.3681E-002  
 8.0476E-001  -4.5592E-001   9.1194E-001   3.4487E-002  -4.6551E-002  -3.4910E-002  -7.3306E-003   3.6629E-003   2.0727E-002  -1.1381E-001  -2.0735E-002  -2.3687E-003  -3.1805E-003   1.4842E-003  -5.0096E-003  -8.0772E-003   1.6092E-002   2.5885E-002  -4.7099E-003  -1.3691E-003  -1.2914E-003  -1.2718E-002   1.2303E-002   5.7793E-002  
 5.0262E-001  -5.6214E-001   9.3734E-001   5.7898E-002  -1.4529E-001  -7.7556E-002   1.3938E-002  -8.3664E-003  -3.6352E-003  -7.2799E-002   5.6647E-003  -6.9768E-003  -1.3103E-002   1.2662E-003  -1.8830E-003  -3.4319E-003   5.6946E-003   1.5813E-002   7.8161E-004  -3.6246E-004  -7.5513E-004  -1.2647E-002   1.1260E-002   5.2278E-002  
 2.1108E-001  -6.4406E-001   8.5835E-001   5.7259E-002  -1.8747E-001  -5.4585E-002   2.3452E-002  -1.7599E-002  -1.5542E-002  -4.1241E-002   2.4039E-002  -4.8581E-003  -1.6704E-002   7.2879E-004  -4.5354E-004  -3.0614E-004   3.9509E-004   8.6250E-003   3.2478E-003   2.0375E-005  -2.2802E-004  -1.3726E-002   9.5857E-003   5.7325E-002  
-4.3500E-002  -7.0384E-001   7.0384E-001   4.4189E-002  -1.8260E-001   2.5795E-012   2.4317E-002  -2.4317E-002  -1.8330E-002  -1.8330E-002   3.6252E-002  -3.6668E-013  -1.5755E-002   3.6987E-004   2.9810E-012   1.6001E-003  -1.6001E-003   3.8554E-003   3.8554E-003   5.0583E-005  -5.0583E-005  -1.5340E-002   7.4352E-003   4.8940E-002  
-2.4215E-001  -7.4452E-001   4.9682E-001   2.8145E-002  -1.4210E-001   5.9051E-002   1.9204E-002  -2.8775E-002  -1.5167E-002  -2.9911E-003   4.4138E-002   4.9859E-003  -1.2019E-002   1.2266E-004   1.2789E-004   2.9500E-003  -1.9640E-003   6.3417E-004   3.2287E-003   2.7765E-005   9.7175E-006  -1.6558E-002   5.7407E-003   3.9147E-002  
-3.6904E-001  -7.6822E-001   2.5556E-001   1.5708E-002  -7.6979E-002   1.0288E-001   1.0423E-002  -3.1323E-002  -8.3967E-003   5.8311E-003   4.8571E-002   8.6110E-003  -6.4546E-003  -3.2485E-005   9.6469E-005   3.7736E-003  -1.2522E-003  -1.2599E-003   1.8091E-003  -3.7029E-006   1.9897E-005  -1.7279E-002   4.6887E-003   3.2806E-002  
-4.1220E-001  -7.7592E-001   2.4079E-015   1.1124E-002  -1.5515E-015   1.1875E-001   3.7055E-015  -3.2138E-002  -2.8745E-015   8.6780E-003   4.9986E-002   9.9114E-003   3.0791E-017  -8.3856E-005   1.3317E-015   4.0487E-003   5.1195E-015  -1.8845E-003  -3.9415E-015  -1.6874E-005   1.3711E-015  -1.7525E-002   4.3375E-003   3.1685E-002  
-3.6904E-001  -7.6822E-001  -2.5556E-001   1.5708E-002   7.6979E-002   1.0288E-001  -1.0423E-002  -3.1323E-002   8.3967E-003   5.8311E-003   4.8571E-002   8.6110E-003   6.4546E-003  -3.2485E-005  -9.6469E-005   3.7736E-003   1.2522E-003  -1.2599E-003  -1.8091E-003  -3.7029E-006  -1.9897E-005  -1.7279E-002   4.6887E-003   3.2806E-002  
-2.4215E-001  -7.4452E-001  -4.9682E-001   2.8145E-002   1.4210E-001   5.9051E-002  -1.9204E-002  -2.8775E-002   1.5167E-002  -2.9911E-003   4.4138E-002   4.9859E-003   1.2019E-002   1.2266E-004  -1.2789E-004   2.9500E-003   1.9640E-003   6.3417E-004  -3.2287E-003   2.7765E-005  -9.7175E-006  -1.6558E-002   5.7407E-003   3.9147E-002  
-4.3500E-002  -7.0384E-001  -7.0384E-001   4.4189E-002   1.8260E-001   2.5783E-012  -2.4317E-002  -2.4317E-002   1.8330E-002  -1.8330E-002   3.6252E-002  -3.6567E-013   1.5755E-002   3.6987E-004  -2.9826E-012   1.6001E-003   1.6001E-003   3.8554E-003  -3.8554E-003   5.0583E-005   5.0583E-005  -1.5340E-002   7.4352E-003   4.8940E-002  
 2.1108E-001  -6.4406E-001  -8.5835E-001   5.7259E-002   1.8747E-001  -5.4585E-002  -2.3452E-002  -1.7599E-002   1.5542E-002  -4.1241E-002   2.4039E-002  -4.8581E-003   1.6704E-002   7.2879E-004   4.5354E-004  -3.0614E-004  -3.9509E-004   8.6250E-003  -3.2478E-003   2.0375E-005   2.2802E-004  -1.3726E-002   9.5857E-003   5.7325E-002  
 5.0262E-001  -5.6214E-001  -9.3734E-001   5.7898E-002   1.4529E-001  -7.7556E-002  -1.3938E-002  -8.3664E-003   3.6352E-003  -7.2799E-002   5.6647E-003  -6.9768E-003   1.3103E-002   1.2662E-003   1.8830E-003  -3.4319E-003  -5.6946E-003   1.5813E-002  -7.8161E-004  -3.6246E-004   7.5513E-004  -1.2647E-002   1.1260E-002   5.2278E-002  
 8.0476E-001  -4.5592E-001  -9.1194E-001   3.4487E-002   4.6551E-002  -3.4910E-002   7.3306E-003   3.6629E-003  -2.0727E-002  -1.1381E-001  -2.0735E-002  -2.3687E-003   3.1805E-003   1.4842E-003   5.0096E-003  -8.0772E-003  -1.6092E-002   2.5885E-002   4.7099E-003  -1.3691E-003   1.2914E-003  -1.2718E-002   1.2303E-002   5.7793E-002  
 1.0951E+000  -3.2262E-001  -7.5271E-001  -2.7985E-002  -1.1947E-001   1.1379E-001   4.1729E-002   1.7897E-002  -6.1014E-002  -1.6412E-001  -5.8360E-002   1.5225E-002  -1.5969E-002   5.5836E-004   1.1428E-002  -1.4530E-002  -3.3827E-002   3.9749E-002   1.4815E-002  -3.1031E-003   1.4933E-003  -1.3354E-002   1.3525E-002   7.3681E-002  
 1.1728E+000  -3.6688E-001   6.4229E-001  -1.2015E-001   3.2923E-001   1.9418E-001  -2.1394E-002   1.2206E-002   2.4843E-003  -1.8079E-001  -9.7930E-002   3.3408E-002   5.6671E-002   1.2355E-002  -2.2370E-002  -3.2780E-002   5.7325E-002   5.6200E-002  -7.8227E-004  -2.6133E-003  -4.2332E-003  -1.4788E-002   1.1033E-002   6.2236E-002  
 9.7040E-001  -5.1245E-001   7.6911E-001   6.7382E-003   4.3780E-002   1.8266E-002  -2.3909E-002   1.5923E-002  -2.8245E-002  -1.4505E-001  -3.9563E-002   2.7048E-003   6.5002E-003   5.1610E-003  -5.2089E-003  -1.4903E-002   2.2310E-002   3.3143E-002   6.4583E-003  -4.6406E-004  -2.1817E-003  -1.3038E-002   1.2865E-002   6.1189E-002  
 7.0093E-001  -6.6029E-001   8.2612E-001   4.5979E-002  -1.0301E-001  -2.3289E-002   1.3720E-003  -1.1122E-003  -4.3268E-002  -8.9145E-002  -1.0638E-002  -1.9787E-003  -8.6856E-003   3.6434E-003  -1.7302E-003  -8.4176E-003   1.0501E-002   1.9998E-002   9.7302E-003   3.4898E-004  -1.4871E-003  -1.2616E-002   1.1968E-002   5.6733E-002  
 4.3993E-001  -7.7461E-001   7.7461E-001   5.9273E-002  -1.7617E-001   2.6975E-012   1.4057E-002  -1.4057E-002  -4.6513E-002  -4.6513E-002   1.0027E-002  -1.2660E-012  -1.5844E-002   1.9038E-003  -5.5605E-014  -3.6055E-003   3.6055E-003   1.0050E-002   1.0050E-002   4.9072E-004  -4.9072E-004  -1.2872E-002   1.0913E-002   5.3826E-002  
 2.1108E-001  -8.5835E-001   6.4406E-001   5.7259E-002  -1.8747E-001   5.4585E-002   1.7599E-002  -2.3452E-002  -4.1241E-002  -1.5542E-002   2.4039E-002   4.8581E-003  -1.6704E-002   7.2879E-004   4.5354E-004  -3.9509E-004   3.0614E-004   3.2478E-003   8.6250E-003   2.2802E-004  -2.0375E-005  -1.3726E-002   9.5857E-003   5.7325E-002  
 3.1858E-002  -9.1574E-001   4.5852E-001   4.9027E-002  -1.5170E-001   1.1349E-001   1.4986E-002  -2.9925E-002  -3.0210E-002   5.4356E-003   3.2915E-002   9.8628E-003  -1.3213E-002   1.3132E-004   4.6153E-004   1.4333E-003  -7.1206E-004  -1.1465E-003   6.3315E-003   5.6021E-005   7.1153E-005  -1.4855E-002   8.0837E-003   5.2786E-002  
-8.2865E-002  -9.4927E-001   2.3695E-001   4.1376E-002  -8.3690E-002   1.5717E-001   8.4047E-003  -3.3660E-002  -1.5812E-002   1.7525E-002   3.7920E-002   1.3475E-002  -7.1884E-003  -1.8448E-004   2.7323E-004   2.5038E-003  -6.1586E-004  -3.7052E-003   3.3337E-003  -3.2323E-005   6.6110E-005  -1.5585E-002   7.0812E-003   4.7662E-002  
-1.2193E-001  -9.6018E-001  -7.1598E-017   3.8400E-002  -1.3884E-015   1.7298E-001   2.3163E-016  -3.4861E-002  -4.8168E-016   2.1425E-002   3.9512E-002   1.4773E-002   9.9334E-016  -2.8648E-004  -2.4143E-015   2.8641E-003  -1.0244E-015  -4.5406E-003   4.3789E-016  -6.3446E-005  -1.5054E-015  -1.5824E-002   6.7428E-003   4.7251E-002  
-8.2865E-002  -9.4927E-001  -2.3695E-001   4.1376E-002   8.3690E-002   1.5717E-001  -8.4047E-003  -3.3660E-002   1.5812E-002   1.7525E-002   3.7920E-002   1.3475E-002   7.1884E-003  -1.8448E-004  -2.7323E-004   2.5038E-003   6.1586E-004  -3.7052E-003  -3.3337E-003  -3.2323E-005  -6.6110E-005  -1.5585E-002   7.0812E-003   4.7662E-002  
 3.1858E-002  -9.1574E-001  -4.5852E-001   4.9027E-002   1.5170E-001   1.1349E-001  -1.4986E-002  -2.9925E-002   3.0210E-002   5.4356E-003   3.2915E-002   9.8628E-003   1.3213E-002   1.3132E-004  -4.6153E-004   1.4333E-003   7.1206E-004  -1.1465E-003  -6.3315E-003   5.6021E-005  -7.1153E-005  -1.4855E-002   8.0837E-003   5.2786E-002  
 2.1108E-001  -8.5835E-001  -6.4406E-001   5.7259E-002   1.8747E-001   5.4585E-002  -1.7599E-002  -2.3452E-002   4.1241E-002  -1.5542E-002   2.4039E-002   4.8581E-003   1.6704E-002   7.2879E-004  -4.5354E-004  -3.9509E-004  -3.0614E-004   3.2478E-003  -8.6250E-003   2.2802E-004   2.0375E-005  -1.3726E-002   9.5857E-003   5.7325E-002  
 4.3993E-001  -7.7461E-001  -7.7461E-001   5.9273E-002   1.7617E-001   2.6980E-012  -1.4057E-002  -1.4057E-002   4.6513E-002  -4.6513E-002   1.0027E-002  -1.2635E-012   1.5844E-002   1.9038E-003   5.4945E-014  -3.6055E-003  -3.6055E-003   1.0050E-002  -1.0050E-002   4.9072E-004   4.9072E-004  -1.2872E-002   1.0913E-002   5.3826E-002  
 7.0093E-001  -6.6029E-001  -8.2612E-001   4.5979E-002   1.0301E-001  -2.3289E-002  -1.3720E-003  -1.1122E-003   4.3268E-002  -8.9145E-002  -1.0638E-002  -1.9787E-003   8.6856E-003   3.6434E-003   1.7302E-003  -8.4176E-003  -1.0501E-002   1.9998E-002  -9.7302E-003   3.4898E-004   1.4871E-003  -1.2616E-002   1.1968E-002   5.6733E-002  
 9.7040E-001  -5.1245E-001  -7.6911E-001   6.7382E-003  -4.3780E-002   1.8266E-002   2.3909E-002   1.5923E-002   2.8245E-002  -1.4505E-001  -3.9563E-002   2.7048E-003  -6.5002E-003   5.1610E-003   5.2089E-003  -1.4903E-002  -2.2310E-002   3.3143E-002  -6.4583E-003  -4.6406E-004   2.1817E-003  -1.3038E-002   1.2865E-002   6.1189E-002  
 1.1728E+000  -3.6688E-001  -6.4229E-001  -1.2015E-001  -3.2923E-001   1.9418E-001   2.1394E-002   1.2206E-002  -2.4843E-003  -1.8079E-001  -9.7930E-002   3.3408E-002  -5.6671E-002   1.2355E-002   2.2370E-002  -3.2780E-002  -5.7325E-002   5.6200E-002   7.8227E-004  -2.6133E-003   4.2332E-003  -1.4788E-002   1.1033E-002   6.2236E-002  
 7.0093E-001  -8.2612E-001   6.6029E-001   4.5979E-002  -1.0301E-001   2.3289E-002   1.1122E-003  -1.3720E-003  -8.9145E-002  -4.3268E-002  -1.0638E-002   1.9787E-003  -8.6856E-003   3.6434E-003   1.7302E-003  -1.0501E-002   8.4176E-003   9.7302E-003   1.9998E-002   1.4871E-003  -3.4898E-004  -1.2616E-002   1.1968E-002   5.6733E-002  
 5.0262E-001  -9.3734E-001   5.6214E-001   5.7898E-002  -1.4529E-001   7.7556E-002   8.3664E-003  -1.3938E-002  -7.2799E-002  -3.6352E-003   5.6647E-003   6.9768E-003  -1.3103E-002   1.2662E-003   1.8830E-003  -5.6946E-003   3.4319E-003   7.8161E-004   1.5813E-002   7.5513E-004   3.6246E-004  -1.2647E-002   1.1260E-002   5.2278E-002  
 3.4665E-001  -1.0139E+000   4.0575E-001   5.9735E-002  -1.2970E-001   1.3607E-001   9.0681E-003  -2.2640E-002  -5.1078E-002   2.3356E-002   1.6128E-002   1.2174E-002  -1.1629E-002  -6.3021E-005   1.4623E-003  -2.7606E-003   1.1198E-003  -4.9979E-003   1.0942E-002   1.7046E-004   5.1631E-004  -1.3161E-002   1.0397E-002   5.5652E-002  
 2.4656E-001  -1.0587E+000   2.1123E-001   5.8251E-002  -7.4603E-002   1.7950E-001   5.5192E-003  -2.7645E-002  -2.6203E-002   3.9072E-002   2.2088E-002   1.6005E-002  -6.6636E-003  -6.9466E-004   7.1436E-004  -1.0455E-003   2.2590E-004  -8.2284E-003   5.5143E-003  -1.7330E-004   2.7041E-004  -1.3548E-002   9.8036E-003   5.7221E-002  
 2.1242E-001  -1.0734E+000   1.5103E-015   5.7293E-002  -1.8413E-015   1.9521E-001   1.4919E-015  -2.9285E-002  -1.8139E-015   4.4160E-002   2.3966E-002   1.7360E-002  -3.7184E-016  -8.5800E-004  -2.0072E-015  -5.1703E-004   1.2555E-015  -9.2669E-003  -1.8692E-015  -2.3208E-004  -1.3073E-015  -1.3730E-002   9.5674E-003   5.7993E-002  
 2.4656E-001  -1.0587E+000  -2.1123E-001   5.8251E-002   7.4603E-002   1.7950E-001  -5.5192E-003  -2.7645E-002   2.6203E-002   3.9072E-002   2.2088E-002   1.6005E-002   6.6636E-003  -6.9466E-004  -7.1436E-004  -1.0455E-003  -2.2590E-004  -8.2284E-003  -5.5143E-003  -1.7330E-004  -2.7041E-004  -1.3548E-002   9.8036E-003   5.7221E-002  
 3.4665E-001  -1.0139E+000  -4.0575E-001   5.9735E-002   1.2970E-001   1.3607E-001  -9.0681E-003  -2.2640E-002   5.1078E-002   2.3356E-002   1.6128E-002   1.2174E-002   1.1629E-002  -6.3021E-005  -1.4623E-003  -2.7606E-003  -1.1198E-003  -4.9979E-003  -1.0942E-002   1.7046E-004  -5.1631E-004  -1.3161E-002   1.0397E-002   5.5652E-002  
 5.0262E-001  -9.3734E-001  -5.6214E-001   5.7898E-002   1.4529E-001   7.7556E-002  -8.3664E-003  -1.3938E-002   7.2799E-002  -3.6352E-003   5.6647E-003   6.9768E-003   1.3103E-002   1.2662E-003  -1.8830E-003  -5.6946E-003  -3.4319E-003   7.8161E-004  -1.5813E-002   7.5513E-004  -3.6246E-004  -1.2647E-002   1.1260E-002   5.2278E-002  
 7.0093E-001  -8.2612E-001  -6.6029E-001   4.5979E-002   1.0301E-001   2.3289E-002  -1.1122E-003  -1.3720E-003   8.9145E-002  -4.3268E-002  -1.0638E-002   1.9787E-003   8.6856E-003   3.6434E-003  -1.7302E-003  -1.0501E-002  -8.4176E-003   9.7302E-003  -1.9998E-002   1.4871E-003   3.4898E-004  -1.2616E-002   1.1968E-002   5.6733E-002  
 9.7040E-001  -7.6911E-001   5.1245E-001   6.7382E-003   4.3780E-002  -1.8266E-002  -1.5923E-002   2.3909E-002  -1.4505E-001  -2.8245E-002  -3.9563E-002  -2.7048E-003   6.5002E-003   5.1610E-003   5.2089E-003  -2.2310E-002   1.4903E-002   6.4583E-003   3.3143E-002   2.1817E-003   4.6406E-004  -1.3038E-002   1.2865E-002   6.1189E-002  
 8.0476E-001  -9.1194E-001   4.5592E-001   3.4487E-002  -4.6551E-002   3.4910E-002  -3.6629E-003   7.3306E-003  -1.1381E-001   2.0727E-002  -2.0735E-002   2.3687E-003  -3.1805E-003   1.4842E-003   5.0096E-003  -1.6092E-002   8.0772E-003  -4.7099E-003   2.5885E-002   1.2914E-003   1.3691E-003  -1.2718E-002   1.2303E-002   5.7793E-002  
 6.7417E-001  -1.0103E+000   3.3704E-001   4.8360E-002  -6.9574E-002   9.2648E-002   1.2783E-003  -3.8261E-003  -7.8302E-002   5.4131E-002  -8.1851E-003   7.9714E-003  -6.0157E-003  -1.0237E-003   3.5809E-003  -1.1703E-002   3.9266E-003  -1.2081E-002   1.7474E-002   6.6532E-005   1.4174E-003  -1.2553E-002   1.1893E-002   5.5267E-002  
 5.9009E-001  -1.0681E+000   1.7764E-001   5.4186E-002  -4.6374E-002   1.3554E-001   1.7213E-003  -1.0296E-002  -3.9734E-002   7.3712E-002  -1.0005E-003   1.2109E-002  -4.1582E-003  -2.2674E-003   1.7754E-003  -9.1000E-003   1.5351E-003  -1.6176E-002   8.7123E-003  -7.1733E-004   7.8273E-004  -1.2511E-002   1.1635E-002   5.2204E-002  
 5.6136E-001  -1.0870E+000  -2.0196E-015   5.5677E-002   2.3747E-016   1.5106E-001  -2.1315E-015  -1.2415E-002   3.1791E-015   8.0073E-002   1.2900E-003   1.3583E-002  -9.8653E-016  -2.6206E-003  -1.8492E-015  -8.2793E-003  -2.0699E-015  -1.7482E-002   2.9855E-015  -9.4810E-004  -1.8653E-015  -1.2510E-002   1.1536E-002   5.1572E-002  
 5.9009E-001  -1.0681E+000  -1.7764E-001   5.4186E-002   4.6374E-002   1.3554E-001  -1.7213E-003  -1.0296E-002   3.9734E-002   7.3712E-002  -1.0005E-003   1.2109E-002   4.1582E-003  -2.2674E-003  -1.7754E-003  -9.1000E-003  -1.5351E-003  -1.6176E-002  -8.7123E-003  -7.1733E-004  -7.8273E-004  -1.2511E-002   1.1635E-002   5.2204E-002  
 6.7417E-001  -1.0103E+000  -3.3704E-001   4.8360E-002   6.9574E-002   9.2648E-002  -1.2783E-003  -3.8261E-003   7.8302E-002   5.4131E-002  -8.1851E-003   7.9714E-003   6.0157E-003  -1.0237E-003  -3.5809E-003  -1.1703E-002  -3.9266E-003  -1.2081E-002  -1.7474E-002   6.6532E-005  -1.4174E-003  -1.2553E-002   1.1893E-002   5.5267E-002  
 8.0476E-001  -9.1194E-001  -4.5592E-001   3.4487E-002   4.6551E-002   3.4910E-002   3.6629E-003   7.3306E-003   1.1381E-001   2.0727E-002  -2.0735E-002   2.3687E-003   3.1805E-003   1.4842E-003  -5.0096E-003  -1.6092E-002  -8.0772E-003  -4.7099E-003  -2.5885E-002   1.2914E-003  -1.3691E-003  -1.2718E-002   1.2303E-002   5.7793E-002  
 9.7040E-001  -7.6911E-001  -5.1245E-001   6.7382E-003  -4.3780E-002  -1.8266E-002   1.5923E-002   2.3909E-002   1.4505E-001  -2.8245E-002  -3.9563E-002  -2.7048E-003  -6.5002E-003   5.1610E-003  -5.2089E-003  -2.2310E-002  -1.4903E-002   6.4583E-003  -3.3143E-002   2.1817E-003  -4.6406E-004  -1.3038E-002   1.2865E-002   6.1189E-002  
 1.1728E+000  -6.4229E-001   3.6688E-001  -1.2015E-001   3.2923E-001  -1.9418E-001  -1.2206E-002   2.1394E-002  -1.8079E-001   2.4843E-003  -9.7930E-002  -3.3408E-002   5.6671E-002   1.2355E-002   2.2370E-002  -5.7325E-002   3.2780E-002  -7.8227E-004   5.6200E-002   4.2332E-003   2.6133E-003  -1.4788E-002   1.1033E-002   6.2236E-002  
 1.0951E+000  -7.5271E-001   3.2262E-001  -2.7985E-002   1.1947E-001  -1.1379E-001  -1.7897E-002   4.1729E-002  -1.6412E-001   6.1014E-002  -5.8360E-002  -1.5225E-002   1.5969E-002   5.5836E-004   1.1428E-002  -3.3827E-002   1.4530E-002  -1.4815E-002   3.9749E-002   1.4933E-003   3.1031E-003  -1.3354E-002   1.3525E-002   7.3681E-002  
 9.9274E-001  -8.7253E-001   2.4956E-001   2.0160E-003   3.4369E-002  -5.5167E-002  -8.7947E-003   3.0789E-002  -1.1326E-001   1.0242E-001  -4.2329E-002  -7.5339E-003   4.6904E-003  -3.3483E-003   6.8883E-003  -2.7052E-002   7.7598E-003  -2.3412E-002   2.5902E-002  -4.0050E-004   2.2415E-003  -1.3030E-002   1.2953E-002   6.1704E-002  
 9.2480E-001  -9.4569E-001   1.3485E-001   1.5706E-002   3.9621E-003  -1.3620E-002  -3.1520E-003   2.2184E-002  -5.6939E-002   1.2587E-001  -3.3956E-002  -3.4442E-003   1.0004E-003  -5.6440E-003   3.6134E-003  -2.3946E-002   3.4381E-003  -2.8791E-002   1.3025E-002  -1.6288E-003   1.4119E-003  -1.2899E-002   1.2699E-002   6.0308E-002  
 9.0157E-001  -9.6961E-001   4.2304E-016   1.9821E-002   1.3450E-016   1.4451E-003  -7.4483E-016   1.9391E-002  -1.0496E-015   1.3349E-001  -3.1252E-002  -1.9846E-003  -1.6696E-015  -6.3750E-003   4.4180E-016  -2.2949E-002  -1.5437E-015  -3.0526E-002  -7.8956E-016  -2.0894E-003   4.5054E-016  -1.2887E-002   1.2598E-002   5.9815E-002  
 9.2480E-001  -9.4569E-001  -1.3485E-001   1.5706E-002  -3.9621E-003  -1.3620E-002   3.1520E-003   2.2184E-002   5.6939E-002   1.2587E-001  -3.3956E-002  -3.4442E-003  -1.0004E-003  -5.6440E-003  -3.6134E-003  -2.3946E-002  -3.4381E-003  -2.8791E-002  -1.3025E-002  -1.6288E-003  -1.4119E-003  -1.2899E-002   1.2699E-002   6.0308E-002  
 9.9274E-001  -8.7253E-001  -2.4956E-001   2.0160E-003  -3.4369E-002  -5.5167E-002   8.7947E-003   3.0789E-002   1.1326E-001   1.0242E-001  -4.2329E-002  -7.5339E-003  -4.6904E-003  -3.3483E-003  -6.8883E-003  -2.7052E-002  -7.7598E-003  -2.3412E-002  -2.5902E-002  -4.0050E-004  -2.2415E-003  -1.3030E-002   1.2953E-002   6.1704E-002  
 1.0951E+000  -7.5271E-001  -3.2262E-001  -2.7985E-002  -1.1947E-001  -1.1379E-001   1.7897E-002   4.1729E-002   1.6412E-001   6.1014E-002  -5.8360E-002  -1.5225E-002  -1.5969E-002   5.5836E-004  -1.1428E-002  -3.3827E-002  -1.4530E-002  -1.4815E-002  -3.9749E-002   1.4933E-003  -3.1031E-003  -1.3354E-002   1.3525E-002   7.3681E-002  
 1.1728E+000  -6.4229E-001  -3.6688E-001  -1.2015E-001  -3.2923E-001  -1.9418E-001   1.2206E-002   2.1394E-002   1.8079E-001   2.4843E-003  -9.7930E-002  -3.3408E-002  -5.6671E-002   1.2355E-002  -2.2370E-002  -5.7325E-002  -3.2780E-002  -7.8227E-004  -5.6200E-002   4.2332E-003  -2.6133E-003  -1.4788E-002   1.1033E-002   6.2236E-002  
