 3.0130E+000   1.0914E+000   6.2299E-001  -1.9540E-001  -9.0581E-001  -5.3489E-001  -8.3862E-002  -1.4639E-001  -3.2170E-001  -3.8992E-003  -2.0189E-001  -2.8829E-002  -4.8390E-002   2.1127E-002  -3.8852E-002   7.3599E-002   4.2029E-002   1.5449E-003   1.0086E-001  -7.5089E-003   4.7307E-003  -1.7960E-002   2.1029E-002   1.2346E-001  
 2.9271E+000   1.2749E+000   5.4645E-001  -1.7204E-002  -4.5113E-001  -4.2963E-001  -8.0499E-002  -1.8780E-001  -2.9002E-001  -1.0784E-001  -1.2978E-001   1.1292E-002   1.1869E-002   1.0041E-003  -2.0185E-002   2.8689E-002   1.2363E-002   2.6437E-002   7.0963E-002  -2.8943E-003   5.9925E-003  -1.4347E-002   2.6147E-002   1.4423E-001  
 2.7836E+000   1.4758E+000   4.2211E-001   4.5498E-002  -2.1845E-001  -3.5065E-001  -4.9028E-002  -1.7151E-001  -1.9975E-001  -1.8064E-001  -1.0145E-001   2.9649E-002   1.8474E-002  -5.9569E-003  -1.2270E-002   1.6425E-002   4.7436E-003   4.1828E-002   4.6278E-002   7.9018E-004   4.4236E-003  -1.3674E-002   2.5222E-002   1.2567E-001  
 2.6857E+000   1.5978E+000   2.2784E-001   7.5721E-002  -8.4764E-002  -2.9122E-001  -2.2590E-002  -1.5860E-001  -1.0040E-001  -2.2196E-001  -8.6521E-002   4.0042E-002   1.1660E-002  -1.0015E-002  -6.4176E-003   1.0597E-002   1.5569E-003   5.1348E-002   2.3231E-002   3.2107E-003   2.7836E-003  -1.3356E-002   2.4776E-002   1.2269E-001  
 2.6518E+000   1.6377E+000  -8.2274E-015   8.4933E-002  -1.6541E-015  -2.6914E-001   2.4054E-015  -1.5443E-001  -2.9967E-015  -2.3539E-001  -8.1707E-002   4.3670E-002  -6.2607E-015  -1.1294E-002   6.0696E-016   8.7300E-003  -3.5879E-015   5.4406E-002  -2.0969E-015   4.1150E-003  -5.4791E-015  -1.3311E-002   2.4596E-002   1.2209E-001  
 2.6857E+000   1.5978E+000  -2.2784E-001   7.5721E-002   8.4764E-002  -2.9122E-001   2.2590E-002  -1.5860E-001   1.0040E-001  -2.2196E-001  -8.6521E-002   4.0042E-002  -1.1660E-002  -1.0015E-002   6.4176E-003   1.0597E-002  -1.5569E-003   5.1348E-002  -2.3231E-002   3.2107E-003  -2.7836E-003  -1.3356E-002   2.4776E-002   1.2269E-001  
 2.7836E+000   1.4758E+000  -4.2211E-001   4.5498E-002   2.1845E-001  -3.5065E-001   4.9028E-002  -1.7151E-001   1.9975E-001  -1.8064E-001  -1.0145E-001   2.9649E-002  -1.8474E-002  -5.9569E-003   1.2270E-002   1.6425E-002  -4.7436E-003   4.1828E-002  -4.6278E-002   7.9018E-004  -4.4236E-003  -1.3674E-002   2.5222E-002   1.2567E-001  
 2.9271E+000   1.2749E+000  -5.4645E-001  -1.7204E-002   4.5113E-001  -4.2963E-001   8.0499E-002  -1.8780E-001   2.9002E-001  -1.0784E-001  -1.2978E-001   1.1292E-002  -1.1869E-002   1.0041E-003   2.0185E-002   2.8689E-002  -1.2363E-002   2.6437E-002  -7.0963E-002  -2.8943E-003  -5.9925E-003  -1.4347E-002   2.6147E-002   1.4423E-001  
 3.0130E+000   1.0914E+000  -6.2299E-001  -1.9540E-001   9.0581E-001  -5.3489E-001   8.3862E-002  -1.4639E-001   3.2170E-001  -3.8992E-003  -2.0189E-001  -2.8829E-002   4.8390E-002   2.1127E-002   3.8852E-002   7.3599E-002  -4.2029E-002   1.5449E-003  -1.0086E-001  -7.5089E-003  -4.7307E-003  -1.7960E-002   2.1029E-002   1.2346E-001  
 2.7516E+000   1.3004E+000   8.6644E-001   5.5872E-002  -3.4642E-001  -1.4456E-001  -9.5460E-002  -1.4330E-001  -2.5581E-001   4.9811E-002  -9.6522E-002   1.4387E-002   3.4438E-002   9.1802E-003  -9.2647E-003   1.2430E-002   8.3557E-003  -1.1531E-002   5.9175E-002  -4.3028E-003   9.1585E-004  -1.3671E-002   2.5067E-002   1.2466E-001  
 2.5089E+000   1.5382E+000   7.6900E-001   1.1841E-001  -1.1445E-001  -8.5881E-002  -5.9280E-002  -1.1859E-001  -2.0067E-001  -3.6547E-002  -6.3001E-002   3.0409E-002   4.0581E-002   2.6199E-003  -8.8190E-003   7.8281E-004   4.5013E-004   8.3683E-003   4.6000E-002  -2.5355E-003   2.6871E-003  -1.2902E-002   2.4088E-002   1.1772E-001  
 2.3118E+000   1.7012E+000   5.6755E-001   1.5186E-001  -5.8387E-003  -7.8240E-003  -3.4073E-002  -1.0216E-001  -1.3807E-001  -9.5447E-002  -4.0739E-002   4.5464E-002   3.4195E-002  -1.7647E-003  -6.1915E-003  -7.3959E-003  -2.4261E-003   2.1358E-002   3.0892E-002  -1.2802E-004   2.7546E-003  -1.2489E-002   2.3368E-002   1.1257E-001  
 2.1827E+000   1.7969E+000   2.9885E-001   1.6726E-001   1.8491E-002   5.4002E-002  -1.5396E-002  -9.2691E-002  -7.0063E-002  -1.2998E-001  -2.8040E-002   5.5914E-002   1.9158E-002  -3.8437E-003  -3.0152E-003  -1.2225E-002  -1.9912E-003   2.8493E-002   1.5344E-002   1.3785E-003   1.5038E-003  -1.2353E-002   2.2909E-002   1.0665E-001  
 2.1382E+000   1.8281E+000  -1.5314E-014   1.7153E-001   1.5875E-015   7.6881E-002  -1.1478E-014  -8.9590E-002   9.9275E-015  -1.4119E-001  -2.4000E-002   5.9553E-002   8.3951E-015  -4.4135E-003  -9.4636E-015  -1.3736E-002  -1.4313E-014   3.0758E-002   4.5393E-015   1.8129E-003  -4.8510E-015  -1.2341E-002   2.2726E-002   1.0440E-001  
 2.1827E+000   1.7969E+000  -2.9885E-001   1.6726E-001  -1.8491E-002   5.4002E-002   1.5396E-002  -9.2691E-002   7.0063E-002  -1.2998E-001  -2.8040E-002   5.5914E-002  -1.9158E-002  -3.8437E-003   3.0152E-003  -1.2225E-002   1.9912E-003   2.8493E-002  -1.5344E-002   1.3785E-003  -1.5038E-003  -1.2353E-002   2.2909E-002   1.0665E-001  
 2.3118E+000   1.7012E+000  -5.6755E-001   1.5186E-001   5.8387E-003  -7.8240E-003   3.4073E-002  -1.0216E-001   1.3807E-001  -9.5447E-002  -4.0739E-002   4.5464E-002  -3.4195E-002  -1.7647E-003   6.1915E-003  -7.3959E-003   2.4261E-003   2.1358E-002  -3.0892E-002  -1.2802E-004  -2.7546E-003  -1.2489E-002   2.3368E-002   1.1257E-001  
 2.5089E+000   1.5382E+000  -7.6900E-001   1.1841E-001   1.1445E-001  -8.5881E-002   5.9280E-002  -1.1859E-001   2.0067E-001  -3.6547E-002  -6.3001E-002   3.0409E-002  -4.0581E-002   2.6199E-003   8.8190E-003   7.8281E-004  -4.5013E-004   8.3683E-003  -4.6000E-002  -2.5355E-003  -2.6871E-003  -1.2902E-002   2.4088E-002   1.1772E-001  
 2.7516E+000   1.3004E+000  -8.6644E-001   5.5872E-002   3.4642E-001  -1.4456E-001   9.5460E-002  -1.4330E-001   2.5581E-001   4.9811E-002  -9.6522E-002   1.4387E-002  -3.4438E-002   9.1802E-003   9.2647E-003   1.2430E-002  -8.3557E-003  -1.1531E-002  -5.9175E-002  -4.3028E-003  -9.1585E-004  -1.3671E-002   2.5067E-002   1.2466E-001  
 2.3525E+000   1.3916E+000   1.1122E+000   1.4593E-001  -3.3206E-002  -7.4768E-003  -7.0163E-002  -8.7826E-002  -1.5718E-001   7.6286E-002  -4.5093E-002   1.2348E-002   5.4495E-002   6.3328E-003  -3.0048E-003  -4.7832E-003  -3.7738E-003  -1.7225E-002   3.5393E-002  -2.8968E-003  -6.8018E-004  -1.2622E-002   2.3501E-002   1.1584E-001  
 2.0467E+000   1.5754E+000   9.4482E-001   1.7861E-001   9.9543E-002   5.3119E-002  -4.1595E-002  -6.9387E-002  -1.2833E-001   6.4098E-003  -1.6321E-002   2.8174E-002   5.2840E-002   2.1239E-003  -3.1555E-003  -1.3637E-002  -8.1462E-003  -1.3707E-003   2.7780E-002  -1.4402E-003   6.9288E-004  -1.2596E-002   2.2185E-002   1.0513E-001  
 1.8009E+000   1.7015E+000   6.8093E-001   1.8941E-001   1.2630E-001   1.3249E-001  -2.2654E-002  -5.6651E-002  -8.9967E-002  -4.1139E-002   2.0017E-003   4.2369E-002   4.0431E-002  -9.9982E-005  -2.4010E-003  -1.8925E-002  -7.5449E-003   8.7476E-003   1.9151E-002  -3.2170E-004   9.8124E-004  -1.3580E-002   2.0487E-002   1.1171E-001  
 1.6412E+000   1.7751E+000   3.5414E-001   1.9110E-001   8.1153E-002   1.9524E-001  -9.8493E-003  -4.9421E-002  -4.6138E-002  -6.8795E-002   1.2410E-002   5.2177E-002   2.1709E-002  -1.0958E-003  -1.1339E-003  -2.2006E-002  -4.3593E-003   1.4352E-002   9.6175E-003   3.2267E-004   5.0364E-004  -1.4323E-002   1.9320E-002   1.1500E-001  
 1.5863E+000   1.7990E+000   1.3956E-015   1.9078E-001  -3.6914E-015   2.1846E-001   1.0716E-014  -4.7060E-002  -8.4320E-015  -7.7739E-002   1.5682E-002   5.5574E-002  -5.7807E-015  -1.3336E-003   7.9566E-015  -2.2943E-002   1.6380E-014   1.6150E-002  -1.1893E-014   4.2332E-004   8.2205E-015  -1.4681E-002   1.8852E-002   1.1661E-001  
 1.6412E+000   1.7751E+000  -3.5414E-001   1.9110E-001  -8.1153E-002   1.9524E-001   9.8493E-003  -4.9421E-002   4.6138E-002  -6.8795E-002   1.2410E-002   5.2177E-002  -2.1709E-002  -1.0958E-003   1.1339E-003  -2.2006E-002   4.3593E-003   1.4352E-002  -9.6175E-003   3.2267E-004  -5.0364E-004  -1.4323E-002   1.9320E-002   1.1500E-001  
 1.8009E+000   1.7015E+000  -6.8093E-001   1.8941E-001  -1.2630E-001   1.3249E-001   2.2654E-002  -5.6651E-002   8.9967E-002  -4.1139E-002   2.0017E-003   4.2369E-002  -4.0431E-002  -9.9982E-005   2.4010E-003  -1.8925E-002   7.5449E-003   8.7476E-003  -1.9151E-002  -3.2170E-004  -9.8124E-004  -1.3580E-002   2.0487E-002   1.1171E-001  
 2.0467E+000   1.5754E+000  -9.4482E-001   1.7861E-001  -9.9543E-002   5.3119E-002   4.1595E-002  -6.9387E-002   1.2833E-001   6.4098E-003  -1.6321E-002   2.8174E-002  -5.2840E-002   2.1239E-003   3.1555E-003  -1.3637E-002   8.1462E-003  -1.3707E-003  -2.7780E-002  -1.4402E-003  -6.9288E-004  -1.2596E-002   2.2185E-002   1.0513E-001  
 2.3525E+000   1.3916E+000  -1.1122E+000   1.4593E-001   3.3206E-002  -7.4768E-003   7.0163E-002  -8.7826E-002   1.5718E-001   7.6286E-002  -4.5093E-002   1.2348E-002  -5.4495E-002   6.3328E-003   3.0048E-003  -4.7832E-003   3.7738E-003  -1.7225E-002  -3.5393E-002  -2.8968E-003   6.8018E-004  -1.2622E-002   2.3501E-002   1.1584E-001  
 3.0130E+000   6.2299E-001   1.0914E+000  -1.9540E-001  -9.0581E-001   5.3489E-001  -1.4639E-001  -8.3862E-002   3.8992E-003   3.2170E-001  -2.0189E-001   2.8829E-002  -4.8390E-002   2.1127E-002   3.8852E-002   4.2029E-002   7.3599E-002  -1.0086E-001  -1.5449E-003   4.7307E-003  -7.5089E-003  -1.7960E-002   2.1029E-002   1.2346E-001  
 2.7516E+000   8.6644E-001   1.3004E+000   5.5872E-002  -3.4642E-001   1.4456E-001  -1.4330E-001  -9.5460E-002  -4.9811E-002   2.5581E-001  -9.6522E-002  -1.4387E-002   3.4438E-002   9.1802E-003   9.2647E-003   8.3557E-003   1.2430E-002  -5.9175E-002   1.1531E-002   9.1585E-004  -4.3028E-003  -1.3671E-002   2.5067E-002   1.2466E-001  
 2.3525E+000   1.1122E+000   1.3916E+000   1.4593E-001  -3.3206E-002   7.4768E-003  -8.7826E-002  -7.0163E-002  -7.6286E-002   1.5718E-001  -4.5093E-002  -1.2348E-002   5.4495E-002   6.3328E-003   3.0048E-003  -3.7738E-003  -4.7832E-003  -3.5393E-002   1.7225E-002  -6.8018E-004  -2.8968E-003  -1.2622E-002   2.3501E-002   1.1584E-001  
 1.9484E+000   1.3011E+000   1.3011E+000   1.8420E-001   1.4518E-001   5.7023E-012  -5.1162E-002  -5.1162E-002  -8.1965E-002   8.1965E-002  -8.6832E-003   1.9623E-013   5.9665E-002   3.1643E-003   5.7879E-012  -1.2604E-002  -1.2604E-002  -1.7628E-002   1.7628E-002  -9.3269E-004  -9.3269E-004  -1.3024E-002   2.1503E-002   1.0791E-001  
 1.5842E+000   1.4386E+000   1.0795E+000   1.9078E-001   2.1003E-001   6.1149E-002  -2.8166E-002  -3.7544E-002  -7.2606E-002   2.7362E-002   1.5806E-002   1.5536E-002   5.3393E-002   1.1357E-003  -7.0263E-004  -1.8374E-002  -1.3769E-002  -5.6555E-003   1.5021E-002  -4.1382E-004  -3.7344E-005  -1.4667E-002   1.8889E-002   1.1531E-001  
 1.2940E+000   1.5324E+000   7.6726E-001   1.8280E-001   1.8877E-001   1.4121E-001  -1.4129E-002  -2.8225E-002  -5.3111E-002  -9.5540E-003   3.1188E-002   2.9342E-002   3.9274E-002   1.9625E-004  -6.9622E-004  -2.1563E-002  -1.0786E-002   1.9964E-003   1.1004E-002  -9.3823E-005   1.2468E-004  -1.6875E-002   1.5896E-002   1.0639E-001  
 1.1064E+000   1.5869E+000   3.9611E-001   1.7300E-001   1.0884E-001   2.0439E-001  -5.7151E-003  -2.2920E-002  -2.7771E-002  -3.0775E-002   3.9830E-002   3.8707E-002   2.0635E-002  -2.7606E-004  -4.0828E-004  -2.3417E-002  -5.8288E-003   6.4382E-003   5.7882E-003   5.9446E-005   1.1557E-004  -1.8303E-002   1.3896E-002   9.6274E-002  
 1.0422E+000   1.6046E+000   6.0711E-015   1.6893E-001   7.9739E-016   2.2777E-001   5.9696E-015  -2.1232E-002  -5.6104E-015  -3.7611E-002   4.2575E-002   4.1985E-002  -2.0199E-015  -4.2700E-004   3.6280E-015  -2.4041E-002   4.7570E-015   7.8878E-003  -5.5925E-015   1.1219E-004  -3.3781E-016  -1.8773E-002   1.3220E-002   9.5482E-002  
 1.1064E+000   1.5869E+000  -3.9611E-001   1.7300E-001  -1.0884E-001   2.0439E-001   5.7151E-003  -2.2920E-002   2.7771E-002  -3.0775E-002   3.9830E-002   3.8707E-002  -2.0635E-002  -2.7606E-004   4.0828E-004  -2.3417E-002   5.8288E-003   6.4382E-003  -5.7882E-003   5.9446E-005  -1.1557E-004  -1.8303E-002   1.3896E-002   9.6274E-002  
 1.2940E+000   1.5324E+000  -7.6726E-001   1.8280E-001  -1.8877E-001   1.4121E-001   1.4129E-002  -2.8225E-002   5.3111E-002  -9.5540E-003   3.1188E-002   2.9342E-002  -3.9274E-002   1.9625E-004   6.9622E-004  -2.1563E-002   1.0786E-002   1.9964E-003  -1.1004E-002  -9.3823E-005  -1.2468E-004  -1.6875E-002   1.5896E-002   1.0639E-001  
 1.5842E+000   1.4386E+000  -1.0795E+000   1.9078E-001  -2.1003E-001   6.1149E-002   2.8166E-002  -3.7544E-002   7.2606E-002   2.7362E-002   1.5806E-002   1.5536E-002  -5.3393E-002   1.1357E-003   7.0263E-004  -1.8374E-002   1.3769E-002  -5.6555E-003  -1.5021E-002  -4.1382E-004   3.7344E-005  -1.4667E-002   1.8889E-002   1.1531E-001  
 1.9484E+000   1.3011E+000  -1.3011E+000   1.8420E-001  -1.4518E-001   5.6993E-012   5.1162E-002  -5.1162E-002   8.1965E-002   8.1965E-002  -8.6832E-003   1.9263E-013  -5.9665E-002   3.1643E-003  -5.7936E-012  -1.2604E-002   1.2604E-002  -1.7628E-002  -1.7628E-002  -9.3269E-004   9.3269E-004  -1.3024E-002   2.1503E-002   1.0791E-001  
 2.3525E+000   1.1122E+000  -1.3916E+000   1.4593E-001   3.3206E-002   7.4768E-003   8.7826E-002  -7.0163E-002   7.6286E-002   1.5718E-001  -4.5093E-002  -1.2348E-002  -5.4495E-002   6.3328E-003  -3.0048E-003  -3.7738E-003   4.7832E-003  -3.5393E-002  -1.7225E-002  -6.8018E-004   2.8968E-003  -1.2622E-002   2.3501E-002   1.1584E-001  
 2.7516E+000   8.6644E-001  -1.3004E+000   5.5872E-002   3.4642E-001   1.4456E-001   1.4330E-001  -9.5460E-002   4.9811E-002   2.5581E-001  -9.6522E-002  -1.4387E-002  -3.4438E-002   9.1802E-003  -9.2647E-003   8.3557E-003  -1.2430E-002  -5.9175E-002  -1.1531E-002   9.1585E-004   4.3028E-003  -1.3671E-002   2.5067E-002   1.2466E-001  
 3.0130E+000   6.2299E-001  -1.0914E+000  -1.9540E-001   9.0581E-001   5.3489E-001   1.4639E-001  -8.3862E-002  -3.8992E-003   3.2170E-001  -2.0189E-001   2.8829E-002   4.8390E-002   2.1127E-002  -3.8852E-002   4.2029E-002  -7.3599E-002  -1.0086E-001   1.5449E-003   4.7307E-003   7.5089E-003  -1.7960E-002   2.1029E-002   1.2346E-001  
 2.9271E+000   5.4645E-001   1.2749E+000  -1.7204E-002  -4.5113E-001   4.2963E-001  -1.8780E-001  -8.0499E-002   1.0784E-001   2.9002E-001  -1.2978E-001  -1.1292E-002   1.1869E-002   1.0041E-003   2.0185E-002   1.2363E-002   2.8689E-002  -7.0963E-002  -2.6437E-002   5.9925E-003  -2.8943E-003  -1.4347E-002   2.6147E-002   1.4423E-001  
 2.5089E+000   7.6900E-001   1.5382E+000   1.1841E-001  -1.1445E-001   8.5881E-002  -1.1859E-001  -5.9280E-002   3.6547E-002   2.0067E-001  -6.3001E-002  -3.0409E-002   4.0581E-002   2.6199E-003   8.8190E-003   4.5013E-004   7.8281E-004  -4.6000E-002  -8.3683E-003   2.6871E-003  -2.5355E-003  -1.2902E-002   2.4088E-002   1.1772E-001  
 2.0467E+000   9.4482E-001   1.5754E+000   1.7861E-001   9.9543E-002  -5.3119E-002  -6.9387E-002  -4.1595E-002  -6.4098E-003   1.2833E-001  -1.6321E-002  -2.8174E-002   5.2840E-002   2.1239E-003   3.1555E-003  -8.1462E-003  -1.3637E-002  -2.7780E-002   1.3707E-003   6.9288E-004  -1.4402E-003  -1.2596E-002   2.2185E-002   1.0513E-001  
 1.5842E+000   1.0795E+000   1.4386E+000   1.9078E-001   2.1003E-001  -6.1149E-002  -3.7544E-002  -2.8166E-002  -2.7362E-002   7.2606E-002   1.5806E-002  -1.5536E-002   5.3393E-002   1.1357E-003   7.0263E-004  -1.3769E-002  -1.8374E-002  -1.5021E-002   5.6555E-003  -3.7344E-005  -4.1382E-004  -1.4667E-002   1.8889E-002   1.1531E-001  
 1.1709E+000   1.1770E+000   1.1770E+000   1.7673E-001   2.3422E-001   4.2195E-012  -1.8527E-002  -1.8527E-002  -3.2204E-002   3.2204E-002   3.6951E-002  -2.1513E-013   4.5739E-002   5.5154E-004  -4.5263E-012  -1.7089E-002  -1.7089E-002  -6.6950E-003   6.6950E-003  -8.5611E-005  -8.5611E-005  -1.7821E-002   1.4604E-002   9.8767E-002  
 8.4385E-001   1.2429E+000   8.2942E-001   1.5426E-001   1.9330E-001   8.0323E-002  -8.1896E-003  -1.2278E-002  -2.6599E-002   5.2470E-003   5.0533E-002   1.3765E-002   3.3162E-002   1.7819E-004  -1.8816E-004  -1.9432E-002  -1.2959E-002  -1.0968E-003   5.5958E-003  -4.4828E-005   1.8298E-005  -2.0192E-002   1.1219E-002   7.9419E-002  
 6.3317E-001   1.2811E+000   4.2619E-001   1.3560E-001   1.0758E-001   1.4378E-001  -2.9142E-003  -8.7750E-003  -1.4708E-002  -1.0212E-002   5.8138E-002   2.3148E-002   1.7341E-002  -4.9425E-005  -1.3945E-004  -2.0863E-002  -6.9342E-003   2.1822E-003   3.1278E-003   8.6458E-006   3.4693E-005  -2.1590E-002   9.1076E-003   6.6896E-002  
 5.6123E-001   1.2935E+000  -7.2237E-015   1.2855E-001  -2.2656E-015   1.6727E-001  -4.5096E-015  -7.6665E-003   5.0753E-015  -1.5192E-002   6.0558E-002   2.6429E-002   2.5711E-015  -1.2255E-004  -2.3663E-015  -2.1345E-002  -5.3271E-015   3.2589E-003   4.3334E-015   3.0977E-005  -3.7187E-015  -2.2059E-002   8.4023E-003   6.4675E-002  
 6.3317E-001   1.2811E+000  -4.2619E-001   1.3560E-001  -1.0758E-001   1.4378E-001   2.9142E-003  -8.7750E-003   1.4708E-002  -1.0212E-002   5.8138E-002   2.3148E-002  -1.7341E-002  -4.9425E-005   1.3945E-004  -2.0863E-002   6.9342E-003   2.1822E-003  -3.1278E-003   8.6458E-006  -3.4693E-005  -2.1590E-002   9.1076E-003   6.6896E-002  
 8.4385E-001   1.2429E+000  -8.2942E-001   1.5426E-001  -1.9330E-001   8.0323E-002   8.1896E-003  -1.2278E-002   2.6599E-002   5.2470E-003   5.0533E-002   1.3765E-002  -3.3162E-002   1.7819E-004   1.8816E-004  -1.9432E-002   1.2959E-002  -1.0968E-003  -5.5958E-003  -4.4828E-005  -1.8298E-005  -2.0192E-002   1.1219E-002   7.9419E-002  
 1.1709E+000   1.1770E+000  -1.1770E+000   1.7673E-001  -2.3422E-001   4.2141E-012   1.8527E-002  -1.8527E-002   3.2204E-002   3.2204E-002   3.6951E-002  -2.1185E-013  -4.5739E-002   5.5154E-004   4.5309E-012  -1.7089E-002   1.7089E-002  -6.6950E-003  -6.6950E-003  -8.5611E-005   8.5611E-005  -1.7821E-002   1.4604E-002   9.8767E-002  
 1.5842E+000   1.0795E+000  -1.4386E+000   1.9078E-001  -2.1003E-001  -6.1149E-002   3.7544E-002  -2.8166E-002   2.7362E-002   7.2606E-002   1.5806E-002  -1.5536E-002  -5.3393E-002   1.1357E-003  -7.0263E-004  -1.3769E-002   1.8374E-002  -1.5021E-002  -5.6555E-003  -3.7344E-005   4.1382E-004  -1.4667E-002   1.8889E-002   1.1531E-001  
 2.0467E+000   9.4482E-001  -1.5754E+000   1.7861E-001  -9.9543E-002  -5.3119E-002   6.9387E-002  -4.1595E-002   6.4098E-003   1.2833E-001  -1.6321E-002  -2.8174E-002  -5.2840E-002   2.1239E-003  -3.1555E-003  -8.1462E-003   1.3637E-002  -2.7780E-002  -1.3707E-003   6.9288E-004   1.4402E-003  -1.2596E-002   2.2185E-002   1.0513E-001  
 2.5089E+000   7.6900E-001  -1.5382E+000   1.1841E-001   1.1445E-001   8.5881E-002   1.1859E-001  -5.9280E-002  -3.6547E-002   2.0067E-001  -6.3001E-002  -3.0409E-002  -4.0581E-002   2.6199E-003  -8.8190E-003   4.5013E-004  -7.8281E-004  -4.6000E-002   8.3683E-003   2.6871E-003   2.5355E-003  -1.2902E-002   2.4088E-002   1.1772E-001  
 2.9271E+000   5.4645E-001  -1.2749E+000  -1.7204E-002   4.5113E-001   4.2963E-001   1.8780E-001  -8.0499E-002  -1.0784E-001   2.9002E-001  -1.2978E-001  -1.1292E-002  -1.1869E-002   1.0041E-003  -2.0185E-002   1.2363E-002  -2.8689E-002  -7.0963E-002   2.6437E-002   5.9925E-003   2.8943E-003  -1.4347E-002   2.6147E-002   1.4423E-001  
 2.7836E+000   4.2211E-001   1.4758E+000   4.5498E-002  -2.1845E-001   3.5065E-001  -1.7151E-001  -4.9028E-002   1.8064E-001   1.9975E-001  -1.0145E-001  -2.9649E-002   1.8474E-002  -5.9569E-003   1.2270E-002   4.7436E-003   1.6425E-002  -4.6278E-002  -4.1828E-002   4.4236E-003   7.9018E-004  -1.3674E-002   2.5222E-002   1.2567E-001  
 2.3118E+000   5.6755E-001   1.7012E+000   1.5186E-001  -5.8387E-003   7.8240E-003  -1.0216E-001  -3.4073E-002   9.5447E-002   1.3807E-001  -4.0739E-002  -4.5464E-002   3.4195E-002  -1.7647E-003   6.1915E-003  -2.4261E-003  -7.3959E-003  -3.0892E-002  -2.1358E-002   2.7546E-003  -1.2802E-004  -1.2489E-002   2.3368E-002   1.1257E-001  
 1.8009E+000   6.8093E-001   1.7015E+000   1.8941E-001   1.2630E-001  -1.3249E-001  -5.6651E-002  -2.2654E-002   4.1139E-002   8.9967E-002   2.0017E-003  -4.2369E-002   4.0431E-002  -9.9982E-005   2.4010E-003  -7.5449E-003  -1.8925E-002  -1.9151E-002  -8.7476E-003   9.8124E-004  -3.2170E-004  -1.3580E-002   2.0487E-002   1.1171E-001  
 1.2940E+000   7.6726E-001   1.5324E+000   1.8280E-001   1.8877E-001  -1.4121E-001  -2.8225E-002  -1.4129E-002   9.5540E-003   5.3111E-002   3.1188E-002  -2.9342E-002   3.9274E-002   1.9625E-004   6.9622E-004  -1.0786E-002  -2.1563E-002  -1.1004E-002  -1.9964E-003   1.2468E-004  -9.3823E-005  -1.6875E-002   1.5896E-002   1.0639E-001  
 8.4385E-001   8.2942E-001   1.2429E+000   1.5426E-001   1.9330E-001  -8.0323E-002  -1.2278E-002  -8.1896E-003  -5.2470E-003   2.6599E-002   5.0533E-002  -1.3765E-002   3.3162E-002   1.7819E-004   1.8816E-004  -1.2959E-002  -1.9432E-002  -5.5958E-003   1.0968E-003   1.8298E-005  -4.4828E-005  -2.0192E-002   1.1219E-002   7.9419E-002  
 4.8897E-001   8.7126E-001   8.7126E-001   1.2116E-001   1.5394E-001  -3.0002E-013  -4.3951E-003  -4.3951E-003  -8.9808E-003   8.9808E-003   6.2913E-002   2.6748E-012   2.3928E-002   7.9252E-005  -2.4131E-012  -1.4552E-002  -1.4552E-002  -1.9274E-003   1.9274E-003  -6.3653E-006  -6.3653E-006  -2.2520E-002   7.7299E-003   5.6966E-002  
 2.6095E-001   8.9547E-001   4.4641E-001   9.5877E-002   8.4308E-002   6.3535E-002  -1.1573E-003  -2.3229E-003  -6.0379E-003  -1.1137E-003   6.9850E-002   9.3811E-003   1.2460E-002   1.1658E-006  -3.1483E-005  -1.5500E-002  -7.7248E-003   2.4863E-004   1.3107E-003   3.2071E-006   7.4922E-006  -2.3979E-002   5.6137E-003   4.2514E-002  
 1.8317E-001   9.0330E-001  -1.1301E-015   8.6621E-002  -1.2324E-015   8.7068E-002  -2.1268E-015  -1.6717E-003   1.5835E-015  -4.3641E-003   7.2056E-002   1.2659E-002   1.1727E-015  -2.7854E-005  -1.8562E-015  -1.5811E-002  -3.5091E-015   9.5999E-004   3.2410E-015   9.3529E-006  -3.4902E-016  -2.4467E-002   4.9248E-003   3.9323E-002  
 2.6095E-001   8.9547E-001  -4.4641E-001   9.5877E-002  -8.4308E-002   6.3535E-002   1.1573E-003  -2.3229E-003   6.0379E-003  -1.1137E-003   6.9850E-002   9.3811E-003  -1.2460E-002   1.1658E-006   3.1483E-005  -1.5500E-002   7.7248E-003   2.4863E-004  -1.3107E-003   3.2071E-006  -7.4922E-006  -2.3979E-002   5.6137E-003   4.2514E-002  
 4.8897E-001   8.7126E-001  -8.7126E-001   1.2116E-001  -1.5394E-001  -3.0241E-013   4.3951E-003  -4.3951E-003   8.9808E-003   8.9808E-003   6.2913E-002   2.6763E-012  -2.3928E-002   7.9252E-005   2.4109E-012  -1.4552E-002   1.4552E-002  -1.9274E-003  -1.9274E-003  -6.3653E-006   6.3653E-006  -2.2520E-002   7.7299E-003   5.6966E-002  
 8.4385E-001   8.2942E-001  -1.2429E+000   1.5426E-001  -1.9330E-001  -8.0323E-002   1.2278E-002  -8.1896E-003   5.2470E-003   2.6599E-002   5.0533E-002  -1.3765E-002  -3.3162E-002   1.7819E-004  -1.8816E-004  -1.2959E-002   1.9432E-002  -5.5958E-003  -1.0968E-003   1.8298E-005   4.4828E-005  -2.0192E-002   1.1219E-002   7.9419E-002  
 1.2940E+000   7.6726E-001  -1.5324E+000   1.8280E-001  -1.8877E-001  -1.4121E-001   2.8225E-002  -1.4129E-002  -9.5540E-003   5.3111E-002   3.1188E-002  -2.9342E-002  -3.9274E-002   1.9625E-004  -6.9622E-004  -1.0786E-002   2.1563E-002  -1.1004E-002   1.9964E-003   1.2468E-004   9.3823E-005  -1.6875E-002   1.5896E-002   1.0639E-001  
 1.8009E+000   6.8093E-001  -1.7015E+000   1.8941E-001  -1.2630E-001  -1.3249E-001   5.6651E-002  -2.2654E-002  -4.1139E-002   8.9967E-002   2.0017E-003  -4.2369E-002  -4.0431E-002  -9.9982E-005  -2.4010E-003  -7.5449E-003   1.8925E-002  -1.9151E-002   8.7476E-003   9.8124E-004   3.2170E-004  -1.3580E-002   2.0487E-002   1.1171E-001  
 2.3118E+000   5.6755E-001  -1.7012E+000   1.5186E-001   5.8387E-003   7.8240E-003   1.0216E-001  -3.4073E-002  -9.5447E-002   1.3807E-001  -4.0739E-002  -4.5464E-002  -3.4195E-002  -1.7647E-003  -6.1915E-003  -2.4261E-003   7.3959E-003  -3.0892E-002   2.1358E-002   2.7546E-003   1.2802E-004  -1.2489E-002   2.3368E-002   1.1257E-001  
 2.7836E+000   4.2211E-001  -1.4758E+000   4.5498E-002   2.1845E-001   3.5065E-001   1.7151E-001  -4.9028E-002  -1.8064E-001   1.9975E-001  -1.0145E-001  -2.9649E-002  -1.8474E-002  -5.9569E-003  -1.2270E-002   4.7436E-003  -1.6425E-002  -4.6278E-002   4.1828E-002   4.4236E-003  -7.9018E-004  -1.3674E-002   2.5222E-002   1.2567E-001  
 2.6857E+000   2.2784E-001   1.5978E+000   7.5721E-002  -8.4764E-002   2.9122E-001  -1.5860E-001  -2.2590E-002   2.2196E-001   1.0040E-001  -8.6521E-002  -4.0042E-002   1.1660E-002  -1.0015E-002   6.4176E-003   1.5569E-003   1.0597E-002  -2.3231E-002  -5.1348E-002   2.7836E-003   3.2107E-003  -1.3356E-002   2.4776E-002   1.2269E-001  
 2.1827E+000   2.9885E-001   1.7969E+000   1.6726E-001   1.8491E-002  -5.4002E-002  -9.2691E-002  -1.5396E-002   1.2998E-001   7.0063E-002  -2.8040E-002  -5.5914E-002   1.9158E-002  -3.8437E-003   3.0152E-003  -1.9912E-003  -1.2225E-002  -1.5344E-002  -2.8493E-002   1.5038E-003   1.3785E-003  -1.2353E-002   2.2909E-002   1.0665E-001  
 1.6412E+000   3.5414E-001   1.7751E+000   1.9110E-001   8.1153E-002  -1.9524E-001  -4.9421E-002  -9.8493E-003   6.8795E-002   4.6138E-002   1.2410E-002  -5.2177E-002   2.1709E-002  -1.0958E-003   1.1339E-003  -4.3593E-003  -2.2006E-002  -9.6175E-003  -1.4352E-002   5.0364E-004   3.2267E-004  -1.4323E-002   1.9320E-002   1.1500E-001  
 1.1064E+000   3.9611E-001   1.5869E+000   1.7300E-001   1.0884E-001  -2.0439E-001  -2.2920E-002  -5.7151E-003   3.0775E-002   2.7771E-002   3.9830E-002  -3.8707E-002   2.0635E-002  -2.7606E-004   4.0828E-004  -5.8288E-003  -2.3417E-002  -5.7882E-003  -6.4382E-003   1.1557E-004   5.9446E-005  -1.8303E-002   1.3896E-002   9.6274E-002  
 6.3317E-001   4.2619E-001   1.2811E+000   1.3560E-001   1.0758E-001  -1.4378E-001  -8.7750E-003  -2.9142E-003   1.0212E-002   1.4708E-002   5.8138E-002  -2.3148E-002   1.7341E-002  -4.9425E-005   1.3945E-004  -6.9342E-003  -2.0863E-002  -3.1278E-003  -2.1822E-003   3.4693E-005   8.6458E-006  -2.1590E-002   9.1076E-003   6.6896E-002  
 2.6095E-001   4.4641E-001   8.9547E-001   9.5877E-002   8.4308E-002  -6.3535E-002  -2.3229E-003  -1.1573E-003   1.1137E-003   6.0379E-003   6.9850E-002  -9.3811E-003   1.2460E-002   1.1658E-006   3.1483E-005  -7.7248E-003  -1.5500E-002  -1.3107E-003  -2.4863E-004   7.4922E-006   3.2072E-006  -2.3979E-002   5.6137E-003   4.2514E-002  
 2.2110E-002   4.5809E-001   4.5809E-001   6.6517E-002   4.5826E-002   3.7669E-012  -2.0120E-004  -2.0120E-004  -1.0710E-003   1.0710E-003   7.6396E-002   1.1532E-011   6.4776E-003  -2.6012E-006  -1.2213E-011  -8.1909E-003  -8.1909E-003  -2.3353E-004   2.3353E-004   3.1449E-006   3.1449E-006  -2.5466E-002   3.6095E-003   2.5835E-002  
-5.9300E-002   4.6186E-001   1.5403E-016   5.5899E-002   1.9745E-016   2.3541E-002  -4.8486E-016   9.6151E-005  -2.2097E-017  -5.2744E-004   7.8473E-002   3.2792E-003  -2.9080E-016  -9.1230E-006  -2.6446E-016  -8.3430E-003  -1.9914E-016   1.2058E-004   1.6826E-016   3.4038E-006  -4.6609E-016  -2.5967E-002   3.0270E-003   2.0485E-002  
 2.2110E-002   4.5809E-001  -4.5809E-001   6.6517E-002  -4.5826E-002   3.7692E-012   2.0120E-004  -2.0120E-004   1.0710E-003   1.0710E-003   7.6396E-002   1.1531E-011  -6.4776E-003  -2.6012E-006   1.2213E-011  -8.1909E-003   8.1909E-003  -2.3353E-004  -2.3353E-004   3.1449E-006  -3.1449E-006  -2.5466E-002   3.6095E-003   2.5835E-002  
 2.6095E-001   4.4641E-001  -8.9547E-001   9.5877E-002  -8.4308E-002  -6.3535E-002   2.3229E-003  -1.1573E-003  -1.1137E-003   6.0379E-003   6.9850E-002  -9.3811E-003  -1.2460E-002   1.1658E-006  -3.1483E-005  -7.7248E-003   1.5500E-002  -1.3107E-003   2.4863E-004   7.4922E-006  -3.2072E-006  -2.3979E-002   5.6137E-003   4.2514E-002  
 6.3317E-001   4.2619E-001  -1.2811E+000   1.3560E-001  -1.0758E-001  -1.4378E-001   8.7750E-003  -2.9142E-003  -1.0212E-002   1.4708E-002   5.8138E-002  -2.3148E-002  -1.7341E-002  -4.9425E-005  -1.3945E-004  -6.9342E-003   2.0863E-002  -3.1278E-003   2.1822E-003   3.4693E-005  -8.6458E-006  -2.1590E-002   9.1076E-003   6.6896E-002  
 1.1064E+000   3.9611E-001  -1.5869E+000   1.7300E-001  -1.0884E-001  -2.0439E-001   2.2920E-002  -5.7151E-003  -3.0775E-002   2.7771E-002   3.9830E-002  -3.8707E-002  -2.0635E-002  -2.7606E-004  -4.0828E-004  -5.8288E-003   2.3417E-002  -5.7882E-003   6.4382E-003   1.1557E-004  -5.9446E-005  -1.8303E-002   1.3896E-002   9.6274E-002  
 1.6412E+000   3.5414E-001  -1.7751E+000   1.9110E-001  -8.1153E-002  -1.9524E-001   4.9421E-002  -9.8493E-003  -6.8795E-002   4.6138E-002   1.2410E-002  -5.2177E-002  -2.1709E-002  -1.0958E-003  -1.1339E-003  -4.3593E-003   2.2006E-002  -9.6175E-003   1.4352E-002   5.0364E-004  -3.2267E-004  -1.4323E-002   1.9320E-002   1.1500E-001  
 2.1827E+000   2.9885E-001  -1.7969E+000   1.6726E-001  -1.8491E-002  -5.4002E-002   9.2691E-002  -1.5396E-002  -1.2998E-001   7.0063E-002  -2.8040E-002  -5.5914E-002  -1.9158E-002  -3.8437E-003  -3.0152E-003  -1.9912E-003   1.2225E-002  -1.5344E-002   2.8493E-002   1.5038E-003  -1.3785E-003  -1.2353E-002   2.2909E-002   1.0665E-001  
 2.6857E+000   2.2784E-001  -1.5978E+000   7.5721E-002   8.4764E-002   2.9122E-001   1.5860E-001  -2.2590E-002  -2.2196E-001   1.0040E-001  -8.6521E-002  -4.0042E-002  -1.1660E-002  -1.0015E-002  -6.4176E-003   1.5569E-003  -1.0597E-002  -2.3231E-002   5.1348E-002   2.7836E-003  -3.2107E-003  -1.3356E-002   2.4776E-002   1.2269E-001  
 2.6518E+000  -1.8109E-016   1.6377E+000   8.4933E-002   2.6593E-017   2.6914E-001  -1.5443E-001   8.0101E-017   2.3539E-001   1.8459E-016  -8.1707E-002  -4.3670E-002   6.1825E-016  -1.1294E-002  -9.4119E-017  -3.6436E-016   8.7300E-003  -2.6405E-016  -5.4406E-002  -2.5115E-016   4.1150E-003  -1.3311E-002   2.4596E-002   1.2209E-001  
 2.1382E+000  -2.5344E-016   1.8281E+000   1.7153E-001   1.2643E-015  -7.6881E-002  -8.9590E-002  -8.1299E-016   1.4119E-001   2.1917E-015  -2.4000E-002  -5.9553E-002   1.4451E-015  -4.4135E-003  -3.0190E-015  -4.9713E-016  -1.3736E-002   2.3177E-015  -3.0758E-002  -3.8136E-015   1.8129E-003  -1.2341E-002   2.2726E-002   1.0440E-001  
 1.5863E+000   5.8353E-016   1.7990E+000   1.9078E-001  -1.7803E-015  -2.1846E-001  -4.7060E-002   1.2083E-015   7.7739E-002  -2.5572E-015   1.5682E-002  -5.5574E-002  -2.0225E-015  -1.3336E-003   3.9098E-015   1.0426E-015  -2.2943E-002  -3.3196E-015  -1.6150E-002   5.2629E-015   4.2332E-004  -1.4681E-002   1.8852E-002   1.1661E-001  
 1.0422E+000   2.3481E-016   1.6046E+000   1.6893E-001  -1.2495E-016  -2.2777E-001  -2.1232E-002   2.3645E-016   3.7611E-002   3.4627E-016   4.2575E-002  -4.1985E-002   3.0414E-016  -4.2700E-004  -6.4751E-017  -5.1569E-018  -2.4041E-002  -1.8774E-016  -7.8878E-003  -3.7659E-018   1.1219E-004  -1.8773E-002   1.3220E-002   9.5482E-002  
 5.6123E-001  -9.6280E-017   1.2935E+000   1.2855E-001   3.5213E-017  -1.6727E-001  -7.6665E-003  -1.6500E-016   1.5192E-002   7.6262E-017   6.0558E-002  -2.6429E-002  -1.3816E-017  -1.2255E-004  -8.0302E-017  -1.5123E-016  -2.1345E-002   1.2603E-016  -3.2589E-003   2.8939E-016   3.0977E-005  -2.2059E-002   8.4023E-003   6.4675E-002  
 1.8317E-001  -9.4323E-017   9.0330E-001   8.6621E-002  -1.2883E-016  -8.7068E-002  -1.6717E-003   9.8988E-018   4.3641E-003   1.5379E-016   7.2056E-002  -1.2659E-002   3.8939E-016  -2.7854E-005   1.3309E-016  -1.1800E-017  -1.5811E-002  -8.3109E-017  -9.5999E-004   6.3266E-017   9.3529E-006  -2.4467E-002   4.9248E-003   3.9323E-002  
-5.9300E-002   3.5881E-017   4.6186E-001   5.5899E-002  -1.2656E-017  -2.3541E-002   9.6151E-005  -8.0936E-017   5.2744E-004   7.3997E-018   7.8473E-002  -3.2792E-003  -1.3872E-016  -9.1230E-006   3.3358E-017  -1.4123E-017  -8.3430E-003   3.9991E-017  -1.2058E-004  -1.2571E-017   3.4038E-006  -2.5967E-002   3.0270E-003   2.0485E-002  
-1.4193E-001  -6.1300E-017   1.4454E-016   4.4830E-002  -1.1804E-017   2.9402E-011   6.6055E-016  -2.1844E-017  -7.1518E-016   2.0299E-017   8.0508E-002  -1.5283E-012   1.2424E-016  -6.5076E-006   2.3263E-017   8.8724E-017   1.2411E-015   1.0430E-017  -8.2870E-016  -3.2598E-018   8.1264E-016  -2.6467E-002   2.5489E-003   8.8876E-003  
-5.9300E-002   5.1302E-018  -4.6186E-001   5.5899E-002   4.5714E-018  -2.3541E-002  -9.6151E-005  -1.7094E-018  -5.2744E-004   6.3495E-017   7.8473E-002  -3.2792E-003  -3.4149E-017  -9.1230E-006  -9.0858E-017  -2.3600E-017   8.3430E-003   9.4011E-017   1.2058E-004  -2.0082E-016  -3.4038E-006  -2.5967E-002   3.0270E-003   2.0485E-002  
 1.8317E-001  -1.1909E-016  -9.0330E-001   8.6621E-002   1.8681E-016  -8.7068E-002   1.6717E-003  -2.0756E-016  -4.3641E-003   7.5853E-016   7.2056E-002  -1.2659E-002   7.6038E-016  -2.7854E-005  -1.0310E-015  -3.2587E-016   1.5811E-002   8.6395E-016   9.5999E-004  -1.3545E-015  -9.3529E-006  -2.4467E-002   4.9248E-003   3.9323E-002  
 5.6123E-001  -2.7736E-016  -1.2935E+000   1.2855E-001   9.0226E-016  -1.6727E-001   7.6665E-003  -5.4217E-016  -1.5192E-002   1.3710E-015   6.0558E-002  -2.6429E-002   1.4458E-015  -1.2255E-004  -2.1066E-015  -7.7206E-016   2.1345E-002   1.7578E-015   3.2589E-003  -2.6482E-015  -3.0977E-005  -2.2059E-002   8.4023E-003   6.4675E-002  
 1.0422E+000   6.0533E-017  -1.6046E+000   1.6893E-001  -9.0096E-016  -2.2777E-001   2.1232E-002   6.5880E-016  -3.7611E-002  -1.5412E-015   4.2575E-002  -4.1985E-002  -8.1409E-016  -4.2700E-004   2.0843E-015   5.1641E-016   2.4041E-002  -2.0274E-015   7.8878E-003   3.1116E-015  -1.1219E-004  -1.8773E-002   1.3220E-002   9.5482E-002  
 1.5863E+000   7.4653E-016  -1.7990E+000   1.9078E-001  -1.6025E-015  -2.1846E-001   4.7060E-002   1.1771E-015  -7.7739E-002  -2.9922E-015   1.5682E-002  -5.5574E-002  -2.5690E-015  -1.3336E-003   4.3007E-015   1.2667E-015   2.2943E-002  -3.5321E-015   1.6150E-002   5.7164E-015  -4.2332E-004  -1.4681E-002   1.8852E-002   1.1661E-001  
 2.1382E+000  -7.0890E-016  -1.8281E+000   1.7153E-001   1.6972E-015  -7.6881E-002   8.9590E-002  -1.1486E-015  -1.4119E-001   2.7956E-015  -2.4000E-002  -5.9553E-002   2.3692E-015  -4.4135E-003  -3.6264E-015  -1.3177E-015   1.3736E-002   3.5950E-015   3.0758E-002  -5.2917E-015  -1.8129E-003  -1.2341E-002   2.2726E-002   1.0440E-001  
 2.6518E+000  -2.9581E-016  -1.6377E+000   8.4933E-002   3.2452E-016   2.6914E-001   1.5443E-001  -1.9817E-016  -2.3539E-001   9.0002E-016  -8.1707E-002  -4.3670E-002   3.7386E-017  -1.1294E-002  -3.6145E-016  -3.0748E-016  -8.7300E-003   5.3454E-016   5.4406E-002  -6.6818E-016  -4.1150E-003  -1.3311E-002   2.4596E-002   1.2209E-001  
 2.6857E+000  -2.2784E-001   1.5978E+000   7.5721E-002   8.4764E-002   2.9122E-001  -1.5860E-001   2.2590E-002   2.2196E-001  -1.0040E-001  -8.6521E-002  -4.0042E-002  -1.1660E-002  -1.0015E-002  -6.4176E-003  -1.5569E-003   1.0597E-002   2.3231E-002  -5.1348E-002  -2.7836E-003   3.2107E-003  -1.3356E-002   2.4776E-002   1.2269E-001  
 2.1827E+000  -2.9885E-001   1.7969E+000   1.6726E-001  -1.8491E-002  -5.4002E-002  -9.2691E-002   1.5396E-002   1.2998E-001  -7.0063E-002  -2.8040E-002  -5.5914E-002  -1.9158E-002  -3.8437E-003  -3.0152E-003   1.9912E-003  -1.2225E-002   1.5344E-002  -2.8493E-002  -1.5038E-003   1.3785E-003  -1.2353E-002   2.2909E-002   1.0665E-001  
 1.6412E+000  -3.5414E-001   1.7751E+000   1.9110E-001  -8.1153E-002  -1.9524E-001  -4.9421E-002   9.8493E-003   6.8795E-002  -4.6138E-002   1.2410E-002  -5.2177E-002  -2.1709E-002  -1.0958E-003  -1.1339E-003   4.3593E-003  -2.2006E-002   9.6175E-003  -1.4352E-002  -5.0364E-004   3.2267E-004  -1.4323E-002   1.9320E-002   1.1500E-001  
 1.1064E+000  -3.9611E-001   1.5869E+000   1.7300E-001  -1.0884E-001  -2.0439E-001  -2.2920E-002   5.7151E-003   3.0775E-002  -2.7771E-002   3.9830E-002  -3.8707E-002  -2.0635E-002  -2.7606E-004  -4.0828E-004   5.8288E-003  -2.3417E-002   5.7882E-003  -6.4382E-003  -1.1557E-004   5.9446E-005  -1.8303E-002   1.3896E-002   9.6274E-002  
 6.3317E-001  -4.2619E-001   1.2811E+000   1.3560E-001  -1.0758E-001  -1.4378E-001  -8.7750E-003   2.9142E-003   1.0212E-002  -1.4708E-002   5.8138E-002  -2.3148E-002  -1.7341E-002  -4.9425E-005  -1.3945E-004   6.9342E-003  -2.0863E-002   3.1278E-003  -2.1822E-003  -3.4693E-005   8.6458E-006  -2.1590E-002   9.1076E-003   6.6896E-002  
 2.6095E-001  -4.4641E-001   8.9547E-001   9.5877E-002  -8.4308E-002  -6.3535E-002  -2.3229E-003   1.1573E-003   1.1137E-003  -6.0379E-003   6.9850E-002  -9.3811E-003  -1.2460E-002   1.1658E-006  -3.1483E-005   7.7248E-003  -1.5500E-002   1.3107E-003  -2.4863E-004  -7.4922E-006   3.2072E-006  -2.3979E-002   5.6137E-003   4.2514E-002  
 2.2110E-002  -4.5809E-001   4.5809E-001   6.6517E-002  -4.5826E-002   3.7708E-012  -2.0120E-004   2.0120E-004  -1.0710E-003  -1.0710E-003   7.6396E-002   1.1531E-011  -6.4776E-003  -2.6012E-006   1.2213E-011   8.1909E-003  -8.1909E-003   2.3353E-004   2.3353E-004  -3.1449E-006   3.1449E-006  -2.5466E-002   3.6095E-003   2.5835E-002  
-5.9300E-002  -4.6186E-001   5.4233E-016   5.5899E-002  -8.1427E-016   2.3541E-002  -2.8240E-019  -9.6151E-005   5.0643E-016   5.2744E-004   7.8473E-002   3.2792E-003  -3.4557E-017  -9.1230E-006  -1.6103E-016   8.3430E-003  -3.5136E-016  -1.2058E-004   3.6906E-016  -3.4038E-006  -3.1582E-016  -2.5967E-002   3.0270E-003   2.0485E-002  
 2.2110E-002  -4.5809E-001  -4.5809E-001   6.6517E-002   4.5826E-002   3.7702E-012   2.0120E-004   2.0120E-004   1.0710E-003  -1.0710E-003   7.6396E-002   1.1532E-011   6.4776E-003  -2.6012E-006  -1.2213E-011   8.1909E-003   8.1909E-003   2.3353E-004  -2.3353E-004  -3.1449E-006  -3.1449E-006  -2.5466E-002   3.6095E-003   2.5835E-002  
 2.6095E-001  -4.4641E-001  -8.9547E-001   9.5877E-002   8.4308E-002  -6.3535E-002   2.3229E-003   1.1573E-003  -1.1137E-003  -6.0379E-003   6.9850E-002  -9.3811E-003   1.2460E-002   1.1658E-006   3.1483E-005   7.7248E-003   1.5500E-002   1.3107E-003   2.4863E-004  -7.4922E-006  -3.2072E-006  -2.3979E-002   5.6137E-003   4.2514E-002  
 6.3317E-001  -4.2619E-001  -1.2811E+000   1.3560E-001   1.0758E-001  -1.4378E-001   8.7750E-003   2.9142E-003  -1.0212E-002  -1.4708E-002   5.8138E-002  -2.3148E-002   1.7341E-002  -4.9425E-005   1.3945E-004   6.9342E-003   2.0863E-002   3.1278E-003   2.1822E-003  -3.4693E-005  -8.6458E-006  -2.1590E-002   9.1076E-003   6.6896E-002  
 1.1064E+000  -3.9611E-001  -1.5869E+000   1.7300E-001   1.0884E-001  -2.0439E-001   2.2920E-002   5.7151E-003  -3.0775E-002  -2.7771E-002   3.9830E-002  -3.8707E-002   2.0635E-002  -2.7606E-004   4.0828E-004   5.8288E-003   2.3417E-002   5.7882E-003   6.4382E-003  -1.1557E-004  -5.9446E-005  -1.8303E-002   1.3896E-002   9.6274E-002  
 1.6412E+000  -3.5414E-001  -1.7751E+000   1.9110E-001   8.1153E-002  -1.9524E-001   4.9421E-002   9.8493E-003  -6.8795E-002  -4.6138E-002   1.2410E-002  -5.2177E-002   2.1709E-002  -1.0958E-003   1.1339E-003   4.3593E-003   2.2006E-002   9.6175E-003   1.4352E-002  -5.0364E-004  -3.2267E-004  -1.4323E-002   1.9320E-002   1.1500E-001  
 2.1827E+000  -2.9885E-001  -1.7969E+000   1.6726E-001   1.8491E-002  -5.4002E-002   9.2691E-002   1.5396E-002  -1.2998E-001  -7.0063E-002  -2.8040E-002  -5.5914E-002   1.9158E-002  -3.8437E-003   3.0152E-003   1.9912E-003   1.2225E-002   1.5344E-002   2.8493E-002  -1.5038E-003  -1.3785E-003  -1.2353E-002   2.2909E-002   1.0665E-001  
 2.6857E+000  -2.2784E-001  -1.5978E+000   7.5721E-002  -8.4764E-002   2.9122E-001   1.5860E-001   2.2590E-002  -2.2196E-001  -1.0040E-001  -8.6521E-002  -4.0042E-002   1.1660E-002  -1.0015E-002   6.4176E-003  -1.5569E-003  -1.0597E-002   2.3231E-002   5.1348E-002  -2.7836E-003  -3.2107E-003  -1.3356E-002   2.4776E-002   1.2269E-001  
 2.7836E+000  -4.2211E-001   1.4758E+000   4.5498E-002   2.1845E-001   3.5065E-001  -1.7151E-001   4.9028E-002   1.8064E-001  -1.9975E-001  -1.0145E-001  -2.9649E-002  -1.8474E-002  -5.9569E-003  -1.2270E-002  -4.7436E-003   1.6425E-002   4.6278E-002  -4.1828E-002  -4.4236E-003   7.9018E-004  -1.3674E-002   2.5222E-002   1.2567E-001  
 2.3118E+000  -5.6755E-001   1.7012E+000   1.5186E-001   5.8387E-003   7.8240E-003  -1.0216E-001   3.4073E-002   9.5447E-002  -1.3807E-001  -4.0739E-002  -4.5464E-002  -3.4195E-002  -1.7647E-003  -6.1915E-003   2.4261E-003  -7.3959E-003   3.0892E-002  -2.1358E-002  -2.7546E-003  -1.2802E-004  -1.2489E-002   2.3368E-002   1.1257E-001  
 1.8009E+000  -6.8093E-001   1.7015E+000   1.8941E-001  -1.2630E-001  -1.3249E-001  -5.6651E-002   2.2654E-002   4.1139E-002  -8.9967E-002   2.0017E-003  -4.2369E-002  -4.0431E-002  -9.9982E-005  -2.4010E-003   7.5449E-003  -1.8925E-002   1.9151E-002  -8.7476E-003  -9.8124E-004  -3.2170E-004  -1.3580E-002   2.0487E-002   1.1171E-001  
 1.2940E+000  -7.6726E-001   1.5324E+000   1.8280E-001  -1.8877E-001  -1.4121E-001  -2.8225E-002   1.4129E-002   9.5540E-003  -5.3111E-002   3.1188E-002  -2.9342E-002  -3.9274E-002   1.9625E-004  -6.9622E-004   1.0786E-002  -2.1563E-002   1.1004E-002  -1.9964E-003  -1.2468E-004  -9.3823E-005  -1.6875E-002   1.5896E-002   1.0639E-001  
 8.4385E-001  -8.2942E-001   1.2429E+000   1.5426E-001  -1.9330E-001  -8.0323E-002  -1.2278E-002   8.1896E-003  -5.2470E-003  -2.6599E-002   5.0533E-002  -1.3765E-002  -3.3162E-002   1.7819E-004  -1.8816E-004   1.2959E-002  -1.9432E-002   5.5958E-003   1.0968E-003  -1.8298E-005  -4.4828E-005  -2.0192E-002   1.1219E-002   7.9419E-002  
 4.8897E-001  -8.7126E-001   8.7126E-001   1.2116E-001  -1.5394E-001  -3.0138E-013  -4.3951E-003   4.3951E-003  -8.9808E-003  -8.9808E-003   6.2913E-002   2.6730E-012  -2.3928E-002   7.9252E-005   2.4128E-012   1.4552E-002  -1.4552E-002   1.9274E-003   1.9274E-003   6.3653E-006  -6.3653E-006  -2.2520E-002   7.7299E-003   5.6966E-002  
 2.6095E-001  -8.9547E-001   4.4641E-001   9.5877E-002  -8.4308E-002   6.3535E-002  -1.1573E-003   2.3229E-003  -6.0379E-003   1.1137E-003   6.9850E-002   9.3811E-003  -1.2460E-002   1.1658E-006   3.1483E-005   1.5500E-002  -7.7248E-003  -2.4863E-004   1.3107E-003  -3.2071E-006   7.4922E-006  -2.3979E-002   5.6137E-003   4.2514E-002  
 1.8317E-001  -9.0330E-001  -6.3211E-016   8.6621E-002  -1.6838E-015   8.7068E-002  -3.0378E-015   1.6717E-003   1.0836E-015   4.3641E-003   7.2056E-002   1.2659E-002   1.2973E-015  -2.7854E-005  -5.7817E-016   1.5811E-002  -2.6226E-015  -9.5999E-004   1.9480E-015  -9.3529E-006  -2.0442E-015  -2.4467E-002   4.9248E-003   3.9323E-002  
 2.6095E-001  -8.9547E-001  -4.4641E-001   9.5877E-002   8.4308E-002   6.3535E-002   1.1573E-003   2.3229E-003   6.0379E-003   1.1137E-003   6.9850E-002   9.3811E-003   1.2460E-002   1.1658E-006  -3.1483E-005   1.5500E-002   7.7248E-003  -2.4863E-004  -1.3107E-003  -3.2071E-006  -7.4922E-006  -2.3979E-002   5.6137E-003   4.2514E-002  
 4.8897E-001  -8.7126E-001  -8.7126E-001   1.2116E-001   1.5394E-001  -3.0279E-013   4.3951E-003   4.3951E-003   8.9808E-003  -8.9808E-003   6.2913E-002   2.6758E-012   2.3928E-002   7.9252E-005  -2.4150E-012   1.4552E-002   1.4552E-002   1.9274E-003  -1.9274E-003   6.3653E-006   6.3653E-006  -2.2520E-002   7.7299E-003   5.6966E-002  
 8.4385E-001  -8.2942E-001  -1.2429E+000   1.5426E-001   1.9330E-001  -8.0323E-002   1.2278E-002   8.1896E-003   5.2470E-003  -2.6599E-002   5.0533E-002  -1.3765E-002   3.3162E-002   1.7819E-004   1.8816E-004   1.2959E-002   1.9432E-002   5.5958E-003  -1.0968E-003  -1.8298E-005   4.4828E-005  -2.0192E-002   1.1219E-002   7.9419E-002  
 1.2940E+000  -7.6726E-001  -1.5324E+000   1.8280E-001   1.8877E-001  -1.4121E-001   2.8225E-002   1.4129E-002  -9.5540E-003  -5.3111E-002   3.1188E-002  -2.9342E-002   3.9274E-002   1.9625E-004   6.9622E-004   1.0786E-002   2.1563E-002   1.1004E-002   1.9964E-003  -1.2468E-004   9.3823E-005  -1.6875E-002   1.5896E-002   1.0639E-001  
 1.8009E+000  -6.8093E-001  -1.7015E+000   1.8941E-001   1.2630E-001  -1.3249E-001   5.6651E-002   2.2654E-002  -4.1139E-002  -8.9967E-002   2.0017E-003  -4.2369E-002   4.0431E-002  -9.9982E-005   2.4010E-003   7.5449E-003   1.8925E-002   1.9151E-002   8.7476E-003  -9.8124E-004   3.2170E-004  -1.3580E-002   2.0487E-002   1.1171E-001  
 2.3118E+000  -5.6755E-001  -1.7012E+000   1.5186E-001  -5.8387E-003   7.8240E-003   1.0216E-001   3.4073E-002  -9.5447E-002  -1.3807E-001  -4.0739E-002  -4.5464E-002   3.4195E-002  -1.7647E-003   6.1915E-003   2.4261E-003   7.3959E-003   3.0892E-002   2.1358E-002  -2.7546E-003   1.2802E-004  -1.2489E-002   2.3368E-002   1.1257E-001  
 2.7836E+000  -4.2211E-001  -1.4758E+000   4.5498E-002  -2.1845E-001   3.5065E-001   1.7151E-001   4.9028E-002  -1.8064E-001  -1.9975E-001  -1.0145E-001  -2.9649E-002   1.8474E-002  -5.9569E-003   1.2270E-002  -4.7436E-003  -1.6425E-002   4.6278E-002   4.1828E-002  -4.4236E-003  -7.9018E-004  -1.3674E-002   2.5222E-002   1.2567E-001  
 2.9271E+000  -5.4645E-001   1.2749E+000  -1.7204E-002   4.5113E-001   4.2963E-001  -1.8780E-001   8.0499E-002   1.0784E-001  -2.9002E-001  -1.2978E-001  -1.1292E-002  -1.1869E-002   1.0041E-003  -2.0185E-002  -1.2363E-002   2.8689E-002   7.0963E-002  -2.6437E-002  -5.9925E-003  -2.8943E-003  -1.4347E-002   2.6147E-002   1.4423E-001  
 2.5089E+000  -7.6900E-001   1.5382E+000   1.1841E-001   1.1445E-001   8.5881E-002  -1.1859E-001   5.9280E-002   3.6547E-002  -2.0067E-001  -6.3001E-002  -3.0409E-002  -4.0581E-002   2.6199E-003  -8.8190E-003  -4.5013E-004   7.8281E-004   4.6000E-002  -8.3683E-003  -2.6871E-003  -2.5355E-003  -1.2902E-002   2.4088E-002   1.1772E-001  
 2.0467E+000  -9.4482E-001   1.5754E+000   1.7861E-001  -9.9543E-002  -5.3119E-002  -6.9387E-002   4.1595E-002  -6.4098E-003  -1.2833E-001  -1.6321E-002  -2.8174E-002  -5.2840E-002   2.1239E-003  -3.1555E-003   8.1462E-003  -1.3637E-002   2.7780E-002   1.3707E-003  -6.9288E-004  -1.4402E-003  -1.2596E-002   2.2185E-002   1.0513E-001  
 1.5842E+000  -1.0795E+000   1.4386E+000   1.9078E-001  -2.1003E-001  -6.1149E-002  -3.7544E-002   2.8166E-002  -2.7362E-002  -7.2606E-002   1.5806E-002  -1.5536E-002  -5.3393E-002   1.1357E-003  -7.0263E-004   1.3769E-002  -1.8374E-002   1.5021E-002   5.6555E-003   3.7344E-005  -4.1382E-004  -1.4667E-002   1.8889E-002   1.1531E-001  
 1.1709E+000  -1.1770E+000   1.1770E+000   1.7673E-001  -2.3422E-001   4.2173E-012  -1.8527E-002   1.8527E-002  -3.2204E-002  -3.2204E-002   3.6951E-002  -2.1243E-013  -4.5739E-002   5.5154E-004   4.5278E-012   1.7089E-002  -1.7089E-002   6.6950E-003   6.6950E-003   8.5611E-005  -8.5611E-005  -1.7821E-002   1.4604E-002   9.8767E-002  
 8.4385E-001  -1.2429E+000   8.2942E-001   1.5426E-001  -1.9330E-001   8.0323E-002  -8.1896E-003   1.2278E-002  -2.6599E-002  -5.2470E-003   5.0533E-002   1.3765E-002  -3.3162E-002   1.7819E-004   1.8816E-004   1.9432E-002  -1.2959E-002   1.0968E-003   5.5958E-003   4.4828E-005   1.8298E-005  -2.0192E-002   1.1219E-002   7.9419E-002  
 6.3317E-001  -1.2811E+000   4.2619E-001   1.3560E-001  -1.0758E-001   1.4378E-001  -2.9142E-003   8.7750E-003  -1.4708E-002   1.0212E-002   5.8138E-002   2.3148E-002  -1.7341E-002  -4.9425E-005   1.3945E-004   2.0863E-002  -6.9342E-003  -2.1822E-003   3.1278E-003  -8.6458E-006   3.4693E-005  -2.1590E-002   9.1076E-003   6.6896E-002  
 5.6123E-001  -1.2935E+000  -2.2428E-015   1.2855E-001  -2.8005E-015   1.6727E-001  -5.5570E-015   7.6665E-003   4.2211E-015   1.5192E-002   6.0558E-002   2.6429E-002   2.7913E-015  -1.2255E-004  -3.0202E-015   2.1345E-002  -7.5011E-015  -3.2589E-003   4.1467E-015  -3.0977E-005  -7.0814E-015  -2.2059E-002   8.4023E-003   6.4675E-002  
 6.3317E-001  -1.2811E+000  -4.2619E-001   1.3560E-001   1.0758E-001   1.4378E-001   2.9142E-003   8.7750E-003   1.4708E-002   1.0212E-002   5.8138E-002   2.3148E-002   1.7341E-002  -4.9425E-005  -1.3945E-004   2.0863E-002   6.9342E-003  -2.1822E-003  -3.1278E-003  -8.6458E-006  -3.4693E-005  -2.1590E-002   9.1076E-003   6.6896E-002  
 8.4385E-001  -1.2429E+000  -8.2942E-001   1.5426E-001   1.9330E-001   8.0323E-002   8.1896E-003   1.2278E-002   2.6599E-002  -5.2470E-003   5.0533E-002   1.3765E-002   3.3162E-002   1.7819E-004  -1.8816E-004   1.9432E-002   1.2959E-002   1.0968E-003  -5.5958E-003   4.4828E-005  -1.8298E-005  -2.0192E-002   1.1219E-002   7.9419E-002  
 1.1709E+000  -1.1770E+000  -1.1770E+000   1.7673E-001   2.3422E-001   4.2163E-012   1.8527E-002   1.8527E-002   3.2204E-002  -3.2204E-002   3.6951E-002  -2.1311E-013   4.5739E-002   5.5154E-004  -4.5228E-012   1.7089E-002   1.7089E-002   6.6950E-003  -6.6950E-003   8.5611E-005   8.5611E-005  -1.7821E-002   1.4604E-002   9.8767E-002  
 1.5842E+000  -1.0795E+000  -1.4386E+000   1.9078E-001   2.1003E-001  -6.1149E-002   3.7544E-002   2.8166E-002   2.7362E-002  -7.2606E-002   1.5806E-002  -1.5536E-002   5.3393E-002   1.1357E-003   7.0263E-004   1.3769E-002   1.8374E-002   1.5021E-002  -5.6555E-003   3.7344E-005   4.1382E-004  -1.4667E-002   1.8889E-002   1.1531E-001  
 2.0467E+000  -9.4482E-001  -1.5754E+000   1.7861E-001   9.9543E-002  -5.3119E-002   6.9387E-002   4.1595E-002   6.4098E-003  -1.2833E-001  -1.6321E-002  -2.8174E-002   5.2840E-002   2.1239E-003   3.1555E-003   8.1462E-003   1.3637E-002   2.7780E-002  -1.3707E-003  -6.9288E-004   1.4402E-003  -1.2596E-002   2.2185E-002   1.0513E-001  
 2.5089E+000  -7.6900E-001  -1.5382E+000   1.1841E-001  -1.1445E-001   8.5881E-002   1.1859E-001   5.9280E-002  -3.6547E-002  -2.0067E-001  -6.3001E-002  -3.0409E-002   4.0581E-002   2.6199E-003   8.8190E-003  -4.5013E-004  -7.8281E-004   4.6000E-002   8.3683E-003  -2.6871E-003   2.5355E-003  -1.2902E-002   2.4088E-002   1.1772E-001  
 2.9271E+000  -5.4645E-001  -1.2749E+000  -1.7204E-002  -4.5113E-001   4.2963E-001   1.8780E-001   8.0499E-002  -1.0784E-001  -2.9002E-001  -1.2978E-001  -1.1292E-002   1.1869E-002   1.0041E-003   2.0185E-002  -1.2363E-002  -2.8689E-002   7.0963E-002   2.6437E-002  -5.9925E-003   2.8943E-003  -1.4347E-002   2.6147E-002   1.4423E-001  
 3.0130E+000  -6.2299E-001   1.0914E+000  -1.9540E-001   9.0581E-001   5.3489E-001  -1.4639E-001   8.3862E-002   3.8992E-003  -3.2170E-001  -2.0189E-001   2.8829E-002   4.8390E-002   2.1127E-002  -3.8852E-002  -4.2029E-002   7.3599E-002   1.0086E-001  -1.5449E-003  -4.7307E-003  -7.5089E-003  -1.7960E-002   2.1029E-002   1.2346E-001  
 2.7516E+000  -8.6644E-001   1.3004E+000   5.5872E-002   3.4642E-001   1.4456E-001  -1.4330E-001   9.5460E-002  -4.9811E-002  -2.5581E-001  -9.6522E-002  -1.4387E-002  -3.4438E-002   9.1802E-003  -9.2647E-003  -8.3557E-003   1.2430E-002   5.9175E-002   1.1531E-002  -9.1585E-004  -4.3028E-003  -1.3671E-002   2.5067E-002   1.2466E-001  
 2.3525E+000  -1.1122E+000   1.3916E+000   1.4593E-001   3.3206E-002   7.4768E-003  -8.7826E-002   7.0163E-002  -7.6286E-002  -1.5718E-001  -4.5093E-002  -1.2348E-002  -5.4495E-002   6.3328E-003  -3.0048E-003   3.7738E-003  -4.7832E-003   3.5393E-002   1.7225E-002   6.8018E-004  -2.8968E-003  -1.2622E-002   2.3501E-002   1.1584E-001  
 1.9484E+000  -1.3011E+000   1.3011E+000   1.8420E-001  -1.4518E-001   5.7005E-012  -5.1162E-002   5.1162E-002  -8.1965E-002  -8.1965E-002  -8.6832E-003   1.9103E-013  -5.9665E-002   3.1643E-003  -5.7861E-012   1.2604E-002  -1.2604E-002   1.7628E-002   1.7628E-002   9.3269E-004  -9.3269E-004  -1.3024E-002   2.1503E-002   1.0791E-001  
 1.5842E+000  -1.4386E+000   1.0795E+000   1.9078E-001  -2.1003E-001   6.1149E-002  -2.8166E-002   3.7544E-002  -7.2606E-002  -2.7362E-002   1.5806E-002   1.5536E-002  -5.3393E-002   1.1357E-003   7.0263E-004   1.8374E-002  -1.3769E-002   5.6555E-003   1.5021E-002   4.1382E-004  -3.7344E-005  -1.4667E-002   1.8889E-002   1.1531E-001  
 1.2940E+000  -1.5324E+000   7.6726E-001   1.8280E-001  -1.8877E-001   1.4121E-001  -1.4129E-002   2.8225E-002  -5.3111E-002   9.5540E-003   3.1188E-002   2.9342E-002  -3.9274E-002   1.9625E-004   6.9622E-004   2.1563E-002  -1.0786E-002  -1.9964E-003   1.1004E-002   9.3823E-005   1.2468E-004  -1.6875E-002   1.5896E-002   1.0639E-001  
 1.1064E+000  -1.5869E+000   3.9611E-001   1.7300E-001  -1.0884E-001   2.0439E-001  -5.7151E-003   2.2920E-002  -2.7771E-002   3.0775E-002   3.9830E-002   3.8707E-002  -2.0635E-002  -2.7606E-004   4.0828E-004   2.3417E-002  -5.8288E-003  -6.4382E-003   5.7882E-003  -5.9446E-005   1.1557E-004  -1.8303E-002   1.3896E-002   9.6274E-002  
 1.0422E+000  -1.6046E+000   7.1219E-015   1.6893E-001   7.1580E-016   2.2777E-001   4.6960E-015   2.1232E-002  -7.0467E-015   3.7611E-002   4.2575E-002   4.1985E-002   1.9909E-015  -4.2700E-004   4.4093E-015   2.4041E-002   3.1612E-015  -7.8878E-003  -3.7204E-015  -1.1219E-004   5.8632E-015  -1.8773E-002   1.3220E-002   9.5482E-002  
 1.1064E+000  -1.5869E+000  -3.9611E-001   1.7300E-001   1.0884E-001   2.0439E-001   5.7151E-003   2.2920E-002   2.7771E-002   3.0775E-002   3.9830E-002   3.8707E-002   2.0635E-002  -2.7606E-004  -4.0828E-004   2.3417E-002   5.8288E-003  -6.4382E-003  -5.7882E-003  -5.9446E-005  -1.1557E-004  -1.8303E-002   1.3896E-002   9.6274E-002  
 1.2940E+000  -1.5324E+000  -7.6726E-001   1.8280E-001   1.8877E-001   1.4121E-001   1.4129E-002   2.8225E-002   5.3111E-002   9.5540E-003   3.1188E-002   2.9342E-002   3.9274E-002   1.9625E-004  -6.9622E-004   2.1563E-002   1.0786E-002  -1.9964E-003  -1.1004E-002   9.3823E-005  -1.2468E-004  -1.6875E-002   1.5896E-002   1.0639E-001  
 1.5842E+000  -1.4386E+000  -1.0795E+000   1.9078E-001   2.1003E-001   6.1149E-002   2.8166E-002   3.7544E-002   7.2606E-002  -2.7362E-002   1.5806E-002   1.5536E-002   5.3393E-002   1.1357E-003  -7.0263E-004   1.8374E-002   1.3769E-002   5.6555E-003  -1.5021E-002   4.1382E-004   3.7344E-005  -1.4667E-002   1.8889E-002   1.1531E-001  
 1.9484E+000  -1.3011E+000  -1.3011E+000   1.8420E-001   1.4518E-001   5.7027E-012   5.1162E-002   5.1162E-002   8.1965E-002  -8.1965E-002  -8.6832E-003   1.9691E-013   5.9665E-002   3.1643E-003   5.7863E-012   1.2604E-002   1.2604E-002   1.7628E-002  -1.7628E-002   9.3269E-004   9.3269E-004  -1.3024E-002   2.1503E-002   1.0791E-001  
 2.3525E+000  -1.1122E+000  -1.3916E+000   1.4593E-001  -3.3206E-002   7.4768E-003   8.7826E-002   7.0163E-002   7.6286E-002  -1.5718E-001  -4.5093E-002  -1.2348E-002   5.4495E-002   6.3328E-003   3.0048E-003   3.7738E-003   4.7832E-003   3.5393E-002  -1.7225E-002   6.8018E-004   2.8968E-003  -1.2622E-002   2.3501E-002   1.1584E-001  
 2.7516E+000  -8.6644E-001  -1.3004E+000   5.5872E-002  -3.4642E-001   1.4456E-001   1.4330E-001   9.5460E-002   4.9811E-002  -2.5581E-001  -9.6522E-002  -1.4387E-002   3.4438E-002   9.1802E-003   9.2647E-003  -8.3557E-003  -1.2430E-002   5.9175E-002  -1.1531E-002  -9.1585E-004   4.3028E-003  -1.3671E-002   2.5067E-002   1.2466E-001  
 3.0130E+000  -6.2299E-001  -1.0914E+000  -1.9540E-001  -9.0581E-001   5.3489E-001   1.4639E-001   8.3862E-002  -3.8992E-003  -3.2170E-001  -2.0189E-001   2.8829E-002  -4.8390E-002   2.1127E-002   3.8852E-002  -4.2029E-002  -7.3599E-002   1.0086E-001   1.5449E-003  -4.7307E-003   7.5089E-003  -1.7960E-002   2.1029E-002   1.2346E-001  
 2.3525E+000  -1.3916E+000   1.1122E+000   1.4593E-001   3.3206E-002  -7.4768E-003  -7.0163E-002   8.7826E-002  -1.5718E-001  -7.6286E-002  -4.5093E-002   1.2348E-002  -5.4495E-002   6.3328E-003   3.0048E-003   4.7832E-003  -3.7738E-003   1.7225E-002   3.5393E-002   2.8968E-003  -6.8018E-004  -1.2622E-002   2.3501E-002   1.1584E-001  
 2.0467E+000  -1.5754E+000   9.4482E-001   1.7861E-001  -9.9543E-002   5.3119E-002  -4.1595E-002   6.9387E-002  -1.2833E-001  -6.4098E-003  -1.6321E-002   2.8174E-002  -5.2840E-002   2.1239E-003   3.1555E-003   1.3637E-002  -8.1462E-003   1.3707E-003   2.7780E-002   1.4402E-003   6.9288E-004  -1.2596E-002   2.2185E-002   1.0513E-001  
 1.8009E+000  -1.7015E+000   6.8093E-001   1.8941E-001  -1.2630E-001   1.3249E-001  -2.2654E-002   5.6651E-002  -8.9967E-002   4.1139E-002   2.0017E-003   4.2369E-002  -4.0431E-002  -9.9982E-005   2.4010E-003   1.8925E-002  -7.5449E-003  -8.7476E-003   1.9151E-002   3.2170E-004   9.8124E-004  -1.3580E-002   2.0487E-002   1.1171E-001  
 1.6412E+000  -1.7751E+000   3.5414E-001   1.9110E-001  -8.1153E-002   1.9524E-001  -9.8493E-003   4.9421E-002  -4.6138E-002   6.8795E-002   1.2410E-002   5.2177E-002  -2.1709E-002  -1.0958E-003   1.1339E-003   2.2006E-002  -4.3593E-003  -1.4352E-002   9.6175E-003  -3.2267E-004   5.0364E-004  -1.4323E-002   1.9320E-002   1.1500E-001  
 1.5863E+000  -1.7990E+000   1.2295E-014   1.9078E-001   9.8684E-016   2.1846E-001   1.2653E-014   4.7060E-002  -4.6768E-015   7.7739E-002   1.5682E-002   5.5574E-002  -1.8541E-015  -1.3336E-003   5.0231E-015   2.2943E-002   1.3880E-014  -1.6150E-002  -1.3968E-014  -4.2332E-004   5.1366E-015  -1.4681E-002   1.8852E-002   1.1661E-001  
 1.6412E+000  -1.7751E+000  -3.5414E-001   1.9110E-001   8.1153E-002   1.9524E-001   9.8493E-003   4.9421E-002   4.6138E-002   6.8795E-002   1.2410E-002   5.2177E-002   2.1709E-002  -1.0958E-003  -1.1339E-003   2.2006E-002   4.3593E-003  -1.4352E-002  -9.6175E-003  -3.2267E-004  -5.0364E-004  -1.4323E-002   1.9320E-002   1.1500E-001  
 1.8009E+000  -1.7015E+000  -6.8093E-001   1.8941E-001   1.2630E-001   1.3249E-001   2.2654E-002   5.6651E-002   8.9967E-002   4.1139E-002   2.0017E-003   4.2369E-002   4.0431E-002  -9.9982E-005  -2.4010E-003   1.8925E-002   7.5449E-003  -8.7476E-003  -1.9151E-002   3.2170E-004  -9.8124E-004  -1.3580E-002   2.0487E-002   1.1171E-001  
 2.0467E+000  -1.5754E+000  -9.4482E-001   1.7861E-001   9.9543E-002   5.3119E-002   4.1595E-002   6.9387E-002   1.2833E-001  -6.4098E-003  -1.6321E-002   2.8174E-002   5.2840E-002   2.1239E-003  -3.1555E-003   1.3637E-002   8.1462E-003   1.3707E-003  -2.7780E-002   1.4402E-003  -6.9288E-004  -1.2596E-002   2.2185E-002   1.0513E-001  
 2.3525E+000  -1.3916E+000  -1.1122E+000   1.4593E-001  -3.3206E-002  -7.4768E-003   7.0163E-002   8.7826E-002   1.5718E-001  -7.6286E-002  -4.5093E-002   1.2348E-002   5.4495E-002   6.3328E-003  -3.0048E-003   4.7832E-003   3.7738E-003   1.7225E-002  -3.5393E-002   2.8968E-003   6.8018E-004  -1.2622E-002   2.3501E-002   1.1584E-001  
 2.7516E+000  -1.3004E+000   8.6644E-001   5.5872E-002   3.4642E-001  -1.4456E-001  -9.5460E-002   1.4330E-001  -2.5581E-001  -4.9811E-002  -9.6522E-002   1.4387E-002  -3.4438E-002   9.1802E-003   9.2647E-003  -1.2430E-002   8.3557E-003   1.1531E-002   5.9175E-002   4.3028E-003   9.1585E-004  -1.3671E-002   2.5067E-002   1.2466E-001  
 2.5089E+000  -1.5382E+000   7.6900E-001   1.1841E-001   1.1445E-001  -8.5881E-002  -5.9280E-002   1.1859E-001  -2.0067E-001   3.6547E-002  -6.3001E-002   3.0409E-002  -4.0581E-002   2.6199E-003   8.8190E-003  -7.8281E-004   4.5013E-004  -8.3683E-003   4.6000E-002   2.5355E-003   2.6871E-003  -1.2902E-002   2.4088E-002   1.1772E-001  
 2.3118E+000  -1.7012E+000   5.6755E-001   1.5186E-001   5.8387E-003  -7.8240E-003  -3.4073E-002   1.0216E-001  -1.3807E-001   9.5447E-002  -4.0739E-002   4.5464E-002  -3.4195E-002  -1.7647E-003   6.1915E-003   7.3959E-003  -2.4261E-003  -2.1358E-002   3.0892E-002   1.2802E-004   2.7546E-003  -1.2489E-002   2.3368E-002   1.1257E-001  
 2.1827E+000  -1.7969E+000   2.9885E-001   1.6726E-001  -1.8491E-002   5.4002E-002  -1.5396E-002   9.2691E-002  -7.0063E-002   1.2998E-001  -2.8040E-002   5.5914E-002  -1.9158E-002  -3.8437E-003   3.0152E-003   1.2225E-002  -1.9912E-003  -2.8493E-002   1.5344E-002  -1.3785E-003   1.5038E-003  -1.2353E-002   2.2909E-002   1.0665E-001  
 2.1382E+000  -1.8281E+000  -1.2483E-014   1.7153E-001   4.9823E-016   7.6881E-002  -7.2805E-015   8.9590E-002   1.2238E-014   1.4119E-001  -2.4000E-002   5.9553E-002  -1.4981E-015  -4.4135E-003  -7.8493E-015   1.3736E-002  -8.8043E-015  -3.0758E-002   1.0785E-014  -1.8129E-003  -7.8176E-015  -1.2341E-002   2.2726E-002   1.0440E-001  
 2.1827E+000  -1.7969E+000  -2.9885E-001   1.6726E-001   1.8491E-002   5.4002E-002   1.5396E-002   9.2691E-002   7.0063E-002   1.2998E-001  -2.8040E-002   5.5914E-002   1.9158E-002  -3.8437E-003  -3.0152E-003   1.2225E-002   1.9912E-003  -2.8493E-002  -1.5344E-002  -1.3785E-003  -1.5038E-003  -1.2353E-002   2.2909E-002   1.0665E-001  
 2.3118E+000  -1.7012E+000  -5.6755E-001   1.5186E-001  -5.8387E-003  -7.8240E-003   3.4073E-002   1.0216E-001   1.3807E-001   9.5447E-002  -4.0739E-002   4.5464E-002   3.4195E-002  -1.7647E-003  -6.1915E-003   7.3959E-003   2.4261E-003  -2.1358E-002  -3.0892E-002   1.2802E-004  -2.7546E-003  -1.2489E-002   2.3368E-002   1.1257E-001  
 2.5089E+000  -1.5382E+000  -7.6900E-001   1.1841E-001  -1.1445E-001  -8.5881E-002   5.9280E-002   1.1859E-001   2.0067E-001   3.6547E-002  -6.3001E-002   3.0409E-002   4.0581E-002   2.6199E-003  -8.8190E-003  -7.8281E-004  -4.5013E-004  -8.3683E-003  -4.6000E-002   2.5355E-003  -2.6871E-003  -1.2902E-002   2.4088E-002   1.1772E-001  
 2.7516E+000  -1.3004E+000  -8.6644E-001   5.5872E-002  -3.4642E-001  -1.4456E-001   9.5460E-002   1.4330E-001   2.5581E-001  -4.9811E-002  -9.6522E-002   1.4387E-002   3.4438E-002   9.1802E-003  -9.2647E-003  -1.2430E-002  -8.3557E-003   1.1531E-002  -5.9175E-002   4.3028E-003  -9.1585E-004  -1.3671E-002   2.5067E-002   1.2466E-001  
 3.0130E+000  -1.0914E+000   6.2299E-001  -1.9540E-001   9.0581E-001  -5.3489E-001  -8.3862E-002   1.4639E-001  -3.2170E-001   3.8992E-003  -2.0189E-001  -2.8829E-002   4.8390E-002   2.1127E-002   3.8852E-002  -7.3599E-002   4.2029E-002  -1.5449E-003   1.0086E-001   7.5089E-003   4.7307E-003  -1.7960E-002   2.1029E-002   1.2346E-001  
 2.9271E+000  -1.2749E+000   5.4645E-001  -1.7204E-002   4.5113E-001  -4.2963E-001  -8.0499E-002   1.8780E-001  -2.9002E-001   1.0784E-001  -1.2978E-001   1.1292E-002  -1.1869E-002   1.0041E-003   2.0185E-002  -2.8689E-002   1.2363E-002  -2.6437E-002   7.0963E-002   2.8943E-003   5.9925E-003  -1.4347E-002   2.6147E-002   1.4423E-001  
 2.7836E+000  -1.4758E+000   4.2211E-001   4.5498E-002   2.1845E-001  -3.5065E-001  -4.9028E-002   1.7151E-001  -1.9975E-001   1.8064E-001  -1.0145E-001   2.9649E-002  -1.8474E-002  -5.9569E-003   1.2270E-002  -1.6425E-002   4.7436E-003  -4.1828E-002   4.6278E-002  -7.9018E-004   4.4236E-003  -1.3674E-002   2.5222E-002   1.2567E-001  
 2.6857E+000  -1.5978E+000   2.2784E-001   7.5721E-002   8.4764E-002  -2.9122E-001  -2.2590E-002   1.5860E-001  -1.0040E-001   2.2196E-001  -8.6521E-002   4.0042E-002  -1.1660E-002  -1.0015E-002   6.4176E-003  -1.0597E-002   1.5569E-003  -5.1348E-002   2.3231E-002  -3.2107E-003   2.7836E-003  -1.3356E-002   2.4776E-002   1.2269E-001  
 2.6518E+000  -1.6377E+000   9.2464E-015   8.4933E-002   2.8591E-016  -2.6914E-001  -5.5030E-015   1.5443E-001  -4.3060E-015   2.3539E-001  -8.1707E-002   4.3670E-002  -2.5223E-015  -1.1294E-002  -1.2795E-015  -8.7300E-003  -8.9724E-015  -5.4406E-002   5.6234E-017  -4.1150E-003   2.5807E-015  -1.3311E-002   2.4596E-002   1.2209E-001  
 2.6857E+000  -1.5978E+000  -2.2784E-001   7.5721E-002  -8.4764E-002  -2.9122E-001   2.2590E-002   1.5860E-001   1.0040E-001   2.2196E-001  -8.6521E-002   4.0042E-002   1.1660E-002  -1.0015E-002  -6.4176E-003  -1.0597E-002  -1.5569E-003  -5.1348E-002  -2.3231E-002  -3.2107E-003  -2.7836E-003  -1.3356E-002   2.4776E-002   1.2269E-001  
 2.7836E+000  -1.4758E+000  -4.2211E-001   4.5498E-002  -2.1845E-001  -3.5065E-001   4.9028E-002   1.7151E-001   1.9975E-001   1.8064E-001  -1.0145E-001   2.9649E-002   1.8474E-002  -5.9569E-003  -1.2270E-002  -1.6425E-002  -4.7436E-003  -4.1828E-002  -4.6278E-002  -7.9018E-004  -4.4236E-003  -1.3674E-002   2.5222E-002   1.2567E-001  
 2.9271E+000  -1.2749E+000  -5.4645E-001  -1.7204E-002  -4.5113E-001  -4.2963E-001   8.0499E-002   1.8780E-001   2.9002E-001   1.0784E-001  -1.2978E-001   1.1292E-002   1.1869E-002   1.0041E-003  -2.0185E-002  -2.8689E-002  -1.2363E-002  -2.6437E-002  -7.0963E-002   2.8943E-003  -5.9925E-003  -1.4347E-002   2.6147E-002   1.4423E-001  
 3.0130E+000  -1.0914E+000  -6.2299E-001  -1.9540E-001  -9.0581E-001  -5.3489E-001   8.3862E-002   1.4639E-001   3.2170E-001   3.8992E-003  -2.0189E-001  -2.8829E-002  -4.8390E-002   2.1127E-002  -3.8852E-002  -7.3599E-002  -4.2029E-002  -1.5449E-003  -1.0086E-001   7.5089E-003  -4.7307E-003  -1.7960E-002   2.1029E-002   1.2346E-001  
