 3.0587E+000   1.7759E+000   1.0143E+000  -3.5829E-001  -1.5505E+000  -9.1454E-001  -1.2143E-001  -2.1244E-001  -4.1122E-001  -5.5832E-003  -1.8956E-001  -1.9980E-003  -3.1797E-003   2.6969E-002  -4.8837E-002   6.2823E-002   3.5927E-002   1.9164E-003   1.3174E-001  -9.8250E-003   6.0368E-003  -1.1570E-002   2.8960E-002   1.8355E-001  
 2.9849E+000   1.9960E+000   8.5553E-001  -1.1711E-001  -8.6407E-001  -8.2286E-001  -1.1681E-001  -2.7254E-001  -3.6904E-001  -1.3724E-001  -9.4271E-002   5.8252E-002   6.1171E-002   1.3048E-003  -2.5935E-002   1.2984E-003   6.5120E-004   3.4389E-002   9.2325E-002  -4.0181E-003   8.2986E-003  -5.7427E-003   3.6361E-002   2.0344E-001  
 2.8267E+000   2.2397E+000   6.4060E-001  -2.9255E-002  -4.6690E-001  -7.4947E-001  -7.3160E-002  -2.5592E-001  -2.5380E-001  -2.2952E-001  -5.7656E-002   8.7499E-002   5.4512E-002  -7.6768E-003  -1.5830E-002  -1.4963E-002  -4.2141E-003   5.4430E-002   6.0225E-002   1.1129E-003   6.2317E-003  -4.7186E-003   3.5284E-002   1.8123E-001  
 2.7160E+000   2.3871E+000   3.4039E-001   1.3961E-002  -2.0057E-001  -6.8907E-001  -3.4515E-002  -2.4231E-001  -1.2753E-001  -2.8193E-001  -3.8264E-002   1.0452E-001   3.0429E-002  -1.2876E-002  -8.2579E-003  -2.2876E-002  -3.1982E-003   6.6718E-002   3.0187E-002   4.5196E-003   3.9189E-003  -4.2073E-003   3.4715E-002   1.7680E-001  
 2.6772E+000   2.4352E+000  -4.4487E-015   2.7176E-002  -8.7140E-016  -6.6587E-001   5.7270E-015  -2.3793E-001  -7.5394E-015  -2.9897E-001  -3.2020E-002   1.1039E-001  -7.5728E-015  -1.4500E-002   9.6946E-016  -2.5406E-002  -2.8683E-015   7.0652E-002  -4.1816E-015   5.7889E-003  -4.3268E-015  -4.1223E-003   3.4483E-002   1.7632E-001  
 2.7160E+000   2.3871E+000  -3.4039E-001   1.3961E-002   2.0057E-001  -6.8907E-001   3.4515E-002  -2.4231E-001   1.2753E-001  -2.8193E-001  -3.8264E-002   1.0452E-001  -3.0429E-002  -1.2876E-002   8.2579E-003  -2.2876E-002   3.1982E-003   6.6718E-002  -3.0187E-002   4.5196E-003  -3.9189E-003  -4.2073E-003   3.4715E-002   1.7680E-001  
 2.8267E+000   2.2397E+000  -6.4060E-001  -2.9255E-002   4.6690E-001  -7.4947E-001   7.3160E-002  -2.5592E-001   2.5380E-001  -2.2952E-001  -5.7656E-002   8.7499E-002  -5.4512E-002  -7.6768E-003   1.5830E-002  -1.4963E-002   4.2141E-003   5.4430E-002  -6.0225E-002   1.1129E-003  -6.2317E-003  -4.7186E-003   3.5284E-002   1.8123E-001  
 2.9849E+000   1.9960E+000  -8.5553E-001  -1.1711E-001   8.6407E-001  -8.2286E-001   1.1681E-001  -2.7254E-001   3.6904E-001  -1.3724E-001  -9.4271E-002   5.8252E-002  -6.1171E-002   1.3048E-003   2.5935E-002   1.2984E-003  -6.5120E-004   3.4389E-002  -9.2325E-002  -4.0181E-003  -8.2986E-003  -5.7427E-003   3.6361E-002   2.0344E-001  
 3.0587E+000   1.7759E+000  -1.0143E+000  -3.5829E-001   1.5505E+000  -9.1454E-001   1.2143E-001  -2.1244E-001   4.1122E-001  -5.5832E-003  -1.8956E-001  -1.9980E-003   3.1797E-003   2.6969E-002   4.8837E-002   6.2823E-002  -3.5927E-002   1.9164E-003  -1.3174E-001  -9.8250E-003  -6.0368E-003  -1.1570E-002   2.8960E-002   1.8355E-001  
 2.7907E+000   1.9627E+000   1.3077E+000  -1.4439E-002  -7.6260E-001  -3.1823E-001  -1.4353E-001  -2.1546E-001  -3.2500E-001   6.3282E-002  -5.1263E-002   4.0530E-002   9.7066E-002   1.1829E-002  -1.1937E-002  -1.5066E-002  -9.9372E-003  -1.4998E-002   7.6961E-002  -6.0588E-003   1.2903E-003  -4.6936E-003   3.5087E-002   1.7980E-001  
 2.5118E+000   2.2494E+000   1.1246E+000   7.5417E-002  -3.7821E-001  -2.8376E-001  -9.4794E-002  -1.8965E-001  -2.5478E-001  -4.6405E-002  -7.7662E-003   6.9265E-002   9.2395E-002   3.3523E-003  -1.1255E-002  -3.0858E-002  -1.5349E-002   1.0837E-002   5.9581E-002  -3.5593E-003   3.7710E-003  -3.4625E-003   3.3847E-002   1.6977E-001  
 2.2793E+000   2.4451E+000   8.1573E-001   1.2424E-001  -1.5836E-001  -2.1100E-001  -5.7628E-002  -1.7279E-001  -1.7526E-001  -1.2116E-001   2.1032E-002   9.4572E-002   7.1089E-002  -2.2071E-003  -7.7663E-003  -4.1902E-002  -1.3924E-002   2.7538E-002   3.9831E-002  -1.7706E-004   3.8379E-003  -2.7846E-003   3.2927E-002   1.6234E-001  
 2.1247E+000   2.5596E+000   4.2571E-001   1.4714E-001  -5.0428E-002  -1.4749E-001  -2.7110E-002  -1.6318E-001  -8.8923E-002  -1.6496E-001   3.7408E-002   1.1163E-001   3.8229E-002  -4.7266E-003  -3.7147E-003  -4.8400E-002  -7.9910E-003   3.6617E-002   1.9716E-002   1.9044E-003   2.0770E-003  -2.5369E-003   3.2331E-002   1.5420E-001  
 2.0711E+000   2.5969E+000  -3.2524E-015   1.5359E-001   4.5065E-015  -1.2326E-001  -1.4265E-014  -1.6003E-001   5.7779E-015  -1.7917E-001   4.2607E-002   1.1751E-001   8.9919E-015  -5.3905E-003  -8.9070E-015  -5.0419E-002  -2.0561E-014   3.9486E-002   7.7275E-015   2.4949E-003  -2.8943E-015  -2.5078E-003   3.2086E-002   1.5053E-001  
 2.1247E+000   2.5596E+000  -4.2571E-001   1.4714E-001   5.0428E-002  -1.4749E-001   2.7110E-002  -1.6318E-001   8.8923E-002  -1.6496E-001   3.7408E-002   1.1163E-001  -3.8229E-002  -4.7266E-003   3.7147E-003  -4.8400E-002   7.9910E-003   3.6617E-002  -1.9716E-002   1.9044E-003  -2.0770E-003  -2.5369E-003   3.2331E-002   1.5420E-001  
 2.2793E+000   2.4451E+000  -8.1573E-001   1.2424E-001   1.5836E-001  -2.1100E-001   5.7628E-002  -1.7279E-001   1.7526E-001  -1.2116E-001   2.1032E-002   9.4572E-002  -7.1089E-002  -2.2071E-003   7.7663E-003  -4.1902E-002   1.3924E-002   2.7538E-002  -3.9831E-002  -1.7706E-004  -3.8379E-003  -2.7846E-003   3.2927E-002   1.6234E-001  
 2.5118E+000   2.2494E+000  -1.1246E+000   7.5417E-002   3.7821E-001  -2.8376E-001   9.4794E-002  -1.8965E-001   2.5478E-001  -4.6405E-002  -7.7662E-003   6.9265E-002  -9.2395E-002   3.3523E-003   1.1255E-002  -3.0858E-002   1.5349E-002   1.0837E-002  -5.9581E-002  -3.5593E-003  -3.7710E-003  -3.4625E-003   3.3847E-002   1.6977E-001  
 2.7907E+000   1.9627E+000  -1.3077E+000  -1.4439E-002   7.6260E-001  -3.1823E-001   1.4353E-001  -2.1546E-001   3.2500E-001   6.3282E-002  -5.1263E-002   4.0530E-002  -9.7066E-002   1.1829E-002   1.1937E-002  -1.5066E-002   9.9372E-003  -1.4998E-002  -7.6961E-002  -6.0588E-003  -1.2903E-003  -4.6936E-003   3.5087E-002   1.7980E-001  
 2.3277E+000   2.0064E+000   1.6037E+000   1.1551E-001  -2.9496E-001  -6.6610E-002  -1.1725E-001  -1.4675E-001  -1.9953E-001   9.6832E-002   1.5398E-002   2.6063E-002   1.1512E-001   7.9844E-003  -3.7854E-003  -3.3070E-002  -2.6361E-002  -2.2236E-002   4.5679E-002  -4.0430E-003  -9.4965E-004  -2.9840E-003   3.3097E-002   1.6732E-001  
 1.9604E+000   2.2264E+000   1.3352E+000   1.6448E-001  -5.5517E-002  -2.9675E-002  -7.6717E-002  -1.2796E-001  -1.6279E-001   8.1335E-003   5.2448E-002   5.4474E-002   1.0213E-001   2.5829E-003  -3.8338E-003  -4.4914E-002  -2.6892E-002  -1.7544E-003   3.5615E-002  -1.9780E-003   9.5338E-004  -2.8494E-003   3.1327E-002   1.5128E-001  
 1.6599E+000   2.3764E+000   9.5103E-001   1.8233E-001   4.2655E-002   4.4705E-002  -4.6018E-002  -1.1505E-001  -1.1401E-001  -5.2130E-002   7.5878E-002   7.8508E-002   7.4893E-002  -1.1437E-004  -2.8529E-003  -5.1862E-002  -2.0715E-002   1.1177E-002   2.4470E-002  -4.3828E-004   1.3441E-003  -4.1989E-003   2.8942E-002   1.5954E-001  
 1.4627E+000   2.4636E+000   4.9152E-001   1.8655E-001   4.5477E-002   1.0937E-001  -2.1504E-002  -1.0788E-001  -5.8435E-002  -8.7129E-002   8.9157E-002   9.4628E-002   3.9361E-002  -1.2432E-003  -1.2959E-003  -5.5898E-002  -1.1112E-002   1.8280E-002   1.2249E-002   4.3474E-004   6.7874E-004  -5.2235E-003   2.7304E-002   1.6435E-001  
 1.3947E+000   2.4920E+000   4.6656E-015   1.8676E-001  -1.7200E-015   1.3403E-001   9.7862E-015  -1.0554E-001   5.3514E-016  -9.8432E-002   9.3322E-002   1.0015E-001  -2.1021E-015  -1.4856E-003   4.3280E-015  -5.7110E-002   1.3335E-014   2.0554E-002  -1.2744E-014   5.6067E-004   8.7617E-015  -5.7267E-003   2.6644E-002   1.6671E-001  
 1.4627E+000   2.4636E+000  -4.9152E-001   1.8655E-001  -4.5477E-002   1.0937E-001   2.1504E-002  -1.0788E-001   5.8435E-002  -8.7129E-002   8.9157E-002   9.4628E-002  -3.9361E-002  -1.2432E-003   1.2959E-003  -5.5898E-002   1.1112E-002   1.8280E-002  -1.2249E-002   4.3474E-004  -6.7874E-004  -5.2235E-003   2.7304E-002   1.6435E-001  
 1.6599E+000   2.3764E+000  -9.5103E-001   1.8233E-001  -4.2655E-002   4.4705E-002   4.6018E-002  -1.1505E-001   1.1401E-001  -5.2130E-002   7.5878E-002   7.8508E-002  -7.4893E-002  -1.1437E-004   2.8529E-003  -5.1862E-002   2.0715E-002   1.1177E-002  -2.4470E-002  -4.3828E-004  -1.3441E-003  -4.1989E-003   2.8942E-002   1.5954E-001  
 1.9604E+000   2.2264E+000  -1.3352E+000   1.6448E-001   5.5517E-002  -2.9675E-002   7.6717E-002  -1.2796E-001   1.6279E-001   8.1335E-003   5.2448E-002   5.4474E-002  -1.0213E-001   2.5829E-003   3.8338E-003  -4.4914E-002   2.6892E-002  -1.7544E-003  -3.5615E-002  -1.9780E-003  -9.5338E-004  -2.8494E-003   3.1327E-002   1.5128E-001  
 2.3277E+000   2.0064E+000  -1.6037E+000   1.1551E-001   2.9496E-001  -6.6610E-002   1.1725E-001  -1.4675E-001   1.9953E-001   9.6832E-002   1.5398E-002   2.6063E-002  -1.1512E-001   7.9844E-003   3.7854E-003  -3.3070E-002   2.6361E-002  -2.2236E-002  -4.5679E-002  -4.0430E-003   9.4965E-004  -2.9840E-003   3.3097E-002   1.6732E-001  
 3.0587E+000   1.0143E+000   1.7759E+000  -3.5829E-001  -1.5505E+000   9.1454E-001  -2.1244E-001  -1.2143E-001   5.5832E-003   4.1122E-001  -1.8956E-001   1.9980E-003  -3.1797E-003   2.6969E-002   4.8837E-002   3.5927E-002   6.2823E-002  -1.3174E-001  -1.9164E-003   6.0368E-003  -9.8250E-003  -1.1570E-002   2.8960E-002   1.8355E-001  
 2.7907E+000   1.3077E+000   1.9627E+000  -1.4439E-002  -7.6260E-001   3.1823E-001  -2.1546E-001  -1.4353E-001  -6.3282E-002   3.2500E-001  -5.1263E-002  -4.0530E-002   9.7066E-002   1.1829E-002   1.1937E-002  -9.9372E-003  -1.5066E-002  -7.6961E-002   1.4998E-002   1.2903E-003  -6.0588E-003  -4.6936E-003   3.5087E-002   1.7980E-001  
 2.3277E+000   1.6037E+000   2.0064E+000   1.1551E-001  -2.9496E-001   6.6610E-002  -1.4675E-001  -1.1725E-001  -9.6832E-002   1.9953E-001   1.5398E-002  -2.6063E-002   1.1512E-001   7.9844E-003   3.7854E-003  -2.6361E-002  -3.3070E-002  -4.5679E-002   2.2236E-002  -9.4965E-004  -4.0430E-003  -2.9840E-003   3.3097E-002   1.6732E-001  
 1.8407E+000   1.8294E+000   1.8294E+000   1.7339E-001  -7.0209E-003   6.0289E-012  -9.7879E-002  -9.7879E-002  -1.0393E-001   1.0393E-001   6.2213E-002  -1.9889E-012   1.1319E-001   3.8105E-003   7.1209E-014  -3.8137E-002  -3.8137E-002  -2.2568E-002   2.2568E-002  -1.2776E-003  -1.2776E-003  -3.4363E-003   3.0369E-002   1.5420E-001  
 1.3921E+000   1.9926E+000   1.4951E+000   1.8679E-001   1.2930E-001   3.7635E-002  -6.3234E-002  -8.4284E-002  -9.1940E-002   3.4649E-002   9.3475E-002   2.7987E-002   9.6171E-002   1.2690E-003  -7.7943E-004  -4.5701E-002  -3.4266E-002  -7.1927E-003   1.9107E-002  -5.4566E-004  -4.9666E-005  -5.6992E-003   2.6695E-002   1.6490E-001  
 1.0301E+000   2.1032E+000   1.0531E+000   1.7916E-001   1.5096E-001   1.1290E-001  -3.7593E-002  -7.5090E-002  -6.7135E-002  -1.2074E-002   1.1296E-001   5.1464E-002   6.8862E-002   2.0745E-004  -7.4579E-004  -4.9769E-002  -2.4905E-002   2.5392E-003   1.3970E-002  -1.1482E-004   1.5935E-004  -8.7889E-003   2.2454E-002   1.5237E-001  
 7.9438E-001   2.1672E+000   5.4095E-001   1.6781E-001   9.4856E-002   1.7810E-001  -1.7457E-002  -6.9972E-002  -3.5061E-002  -3.8850E-002   1.2387E-001   6.6946E-002   3.5681E-002  -2.9257E-004  -4.3164E-004  -5.2122E-002  -1.2989E-002   8.1722E-003   7.3417E-003   7.9253E-005   1.4734E-004  -1.0785E-002   1.9620E-002   1.3812E-001  
 7.1347E-001   2.1879E+000   2.4010E-015   1.6294E-001  -4.7285E-016   2.0297E-001   4.9664E-015  -6.8370E-002  -2.9460E-015  -4.7460E-002   1.2733E-001   7.2299E-002  -8.7629E-016  -4.4995E-004   2.6261E-015  -5.2913E-002   4.4578E-015   1.0010E-002  -3.9695E-015   1.4456E-004   1.8118E-016  -1.1444E-002   1.8661E-002   1.3703E-001  
 7.9438E-001   2.1672E+000  -5.4095E-001   1.6781E-001  -9.4856E-002   1.7810E-001   1.7457E-002  -6.9972E-002   3.5061E-002  -3.8850E-002   1.2387E-001   6.6946E-002  -3.5681E-002  -2.9257E-004   4.3164E-004  -5.2122E-002   1.2989E-002   8.1722E-003  -7.3417E-003   7.9253E-005  -1.4734E-004  -1.0785E-002   1.9620E-002   1.3812E-001  
 1.0301E+000   2.1032E+000  -1.0531E+000   1.7916E-001  -1.5096E-001   1.1290E-001   3.7593E-002  -7.5090E-002   6.7135E-002  -1.2074E-002   1.1296E-001   5.1464E-002  -6.8862E-002   2.0745E-004   7.4579E-004  -4.9769E-002   2.4905E-002   2.5392E-003  -1.3970E-002  -1.1482E-004  -1.5935E-004  -8.7889E-003   2.2454E-002   1.5237E-001  
 1.3921E+000   1.9926E+000  -1.4951E+000   1.8679E-001  -1.2930E-001   3.7635E-002   6.3234E-002  -8.4284E-002   9.1940E-002   3.4649E-002   9.3475E-002   2.7987E-002  -9.6171E-002   1.2690E-003   7.7943E-004  -4.5701E-002   3.4266E-002  -7.1927E-003  -1.9107E-002  -5.4566E-004   4.9666E-005  -5.6992E-003   2.6695E-002   1.6490E-001  
 1.8407E+000   1.8294E+000  -1.8294E+000   1.7339E-001   7.0209E-003   6.0294E-012   9.7879E-002  -9.7879E-002   1.0393E-001   1.0393E-001   6.2213E-002  -1.9903E-012  -1.1319E-001   3.8105E-003  -7.4328E-014  -3.8137E-002   3.8137E-002  -2.2568E-002  -2.2568E-002  -1.2776E-003   1.2776E-003  -3.4363E-003   3.0369E-002   1.5420E-001  
 2.3277E+000   1.6037E+000  -2.0064E+000   1.1551E-001   2.9496E-001   6.6610E-002   1.4675E-001  -1.1725E-001   9.6832E-002   1.9953E-001   1.5398E-002  -2.6063E-002  -1.1512E-001   7.9844E-003  -3.7854E-003  -2.6361E-002   3.3070E-002  -4.5679E-002  -2.2236E-002  -9.4965E-004   4.0430E-003  -2.9840E-003   3.3097E-002   1.6732E-001  
 2.7907E+000   1.3077E+000  -1.9627E+000  -1.4439E-002   7.6260E-001   3.1823E-001   2.1546E-001  -1.4353E-001   6.3282E-002   3.2500E-001  -5.1263E-002  -4.0530E-002  -9.7066E-002   1.1829E-002  -1.1937E-002  -9.9372E-003   1.5066E-002  -7.6961E-002  -1.4998E-002   1.2903E-003   6.0588E-003  -4.6936E-003   3.5087E-002   1.7980E-001  
 3.0587E+000   1.0143E+000  -1.7759E+000  -3.5829E-001   1.5505E+000   9.1454E-001   2.1244E-001  -1.2143E-001  -5.5832E-003   4.1122E-001  -1.8956E-001   1.9980E-003   3.1797E-003   2.6969E-002  -4.8837E-002   3.5927E-002  -6.2823E-002  -1.3174E-001   1.9164E-003   6.0368E-003   9.8250E-003  -1.1570E-002   2.8960E-002   1.8355E-001  
 2.9849E+000   8.5553E-001   1.9960E+000  -1.1711E-001  -8.6407E-001   8.2286E-001  -2.7254E-001  -1.1681E-001   1.3724E-001   3.6904E-001  -9.4271E-002  -5.8252E-002   6.1171E-002   1.3048E-003   2.5935E-002   6.5120E-004   1.2984E-003  -9.2325E-002  -3.4389E-002   8.2986E-003  -4.0181E-003  -5.7427E-003   3.6361E-002   2.0344E-001  
 2.5118E+000   1.1246E+000   2.2494E+000   7.5417E-002  -3.7821E-001   2.8376E-001  -1.8965E-001  -9.4794E-002   4.6405E-002   2.5478E-001  -7.7662E-003  -6.9265E-002   9.2395E-002   3.3523E-003   1.1255E-002  -1.5349E-002  -3.0858E-002  -5.9581E-002  -1.0837E-002   3.7710E-003  -3.5593E-003  -3.4625E-003   3.3847E-002   1.6977E-001  
 1.9604E+000   1.3352E+000   2.2264E+000   1.6448E-001  -5.5517E-002   2.9675E-002  -1.2796E-001  -7.6717E-002  -8.1335E-003   1.6279E-001   5.2448E-002  -5.4474E-002   1.0213E-001   2.5829E-003   3.8338E-003  -2.6892E-002  -4.4914E-002  -3.5615E-002   1.7544E-003   9.5338E-004  -1.9780E-003  -2.8494E-003   3.1327E-002   1.5128E-001  
 1.3921E+000   1.4951E+000   1.9926E+000   1.8679E-001   1.2930E-001  -3.7635E-002  -8.4284E-002  -6.3234E-002  -3.4649E-002   9.1940E-002   9.3475E-002  -2.7987E-002   9.6171E-002   1.2690E-003   7.7943E-004  -3.4266E-002  -4.5701E-002  -1.9107E-002   7.1927E-003  -4.9666E-005  -5.4566E-004  -5.6992E-003   2.6695E-002   1.6490E-001  
 8.7558E-001   1.6100E+000   1.6100E+000   1.7222E-001   1.9895E-001   6.3083E-012  -5.3776E-002  -5.3776E-002  -4.0676E-002   4.0676E-002   1.2024E-001   4.9101E-014   7.9450E-002   5.8138E-004  -7.4128E-012  -3.8498E-002  -3.8498E-002  -8.4932E-003   8.4932E-003  -1.0585E-004  -1.0585E-004  -1.0109E-002   2.0624E-002   1.4160E-001  
 4.6267E-001   1.6871E+000   1.1258E+000   1.4500E-001   1.8198E-001   7.5613E-002  -3.1948E-002  -4.7883E-002  -3.3523E-002   6.6145E-003   1.3734E-001   2.3413E-002   5.6393E-002   1.8079E-004  -1.9462E-004  -4.1477E-002  -2.7666E-002  -1.3862E-003   7.0858E-003  -5.2789E-005   2.4858E-005  -1.3412E-002   1.5824E-002   1.1432E-001  
 1.9516E-001   1.7314E+000   5.7599E-001   1.2169E-001   1.0565E-001   1.4118E-001  -1.4861E-002  -4.4692E-002  -1.8509E-002  -1.2849E-002   1.4689E-001   3.8915E-002   2.9144E-002  -5.3658E-005  -1.4054E-004  -4.3296E-002  -1.4394E-002   2.7618E-003   3.9515E-003   1.3566E-005   4.4099E-005  -1.5354E-002   1.2822E-002   9.6665E-002  
 1.0356E-001   1.7458E+000  -2.2320E-015   1.1281E-001  -4.9395E-016   1.6620E-001  -2.1241E-015  -4.3701E-002   2.4334E-015  -1.9105E-002   1.4992E-001   4.4268E-002   3.8316E-016  -1.2566E-004  -5.2771E-015  -4.3912E-002  -1.2404E-015   4.1181E-003   1.2630E-015   4.1239E-005  -8.7216E-017  -1.6000E-002   1.1818E-002   9.3532E-002  
 1.9516E-001   1.7314E+000  -5.7599E-001   1.2169E-001  -1.0565E-001   1.4118E-001   1.4861E-002  -4.4692E-002   1.8509E-002  -1.2849E-002   1.4689E-001   3.8915E-002  -2.9144E-002  -5.3658E-005   1.4054E-004  -4.3296E-002   1.4394E-002   2.7618E-003  -3.9515E-003   1.3566E-005  -4.4099E-005  -1.5354E-002   1.2822E-002   9.6665E-002  
 4.6267E-001   1.6871E+000  -1.1258E+000   1.4500E-001  -1.8198E-001   7.5613E-002   3.1948E-002  -4.7883E-002   3.3523E-002   6.6145E-003   1.3734E-001   2.3413E-002  -5.6393E-002   1.8079E-004   1.9462E-004  -4.1477E-002   2.7666E-002  -1.3862E-003  -7.0858E-003  -5.2789E-005  -2.4858E-005  -1.3412E-002   1.5824E-002   1.1432E-001  
 8.7558E-001   1.6100E+000  -1.6100E+000   1.7222E-001  -1.9895E-001   6.3062E-012   5.3776E-002  -5.3776E-002   4.0676E-002   4.0676E-002   1.2024E-001   5.0438E-014  -7.9450E-002   5.8138E-004   7.4179E-012  -3.8498E-002   3.8498E-002  -8.4932E-003  -8.4932E-003  -1.0585E-004   1.0585E-004  -1.0109E-002   2.0624E-002   1.4160E-001  
 1.3921E+000   1.4951E+000  -1.9926E+000   1.8679E-001  -1.2930E-001  -3.7635E-002   8.4284E-002  -6.3234E-002   3.4649E-002   9.1940E-002   9.3475E-002  -2.7987E-002  -9.6171E-002   1.2690E-003  -7.7943E-004  -3.4266E-002   4.5701E-002  -1.9107E-002  -7.1927E-003  -4.9666E-005   5.4566E-004  -5.6992E-003   2.6695E-002   1.6490E-001  
 1.9604E+000   1.3352E+000  -2.2264E+000   1.6448E-001   5.5517E-002   2.9675E-002   1.2796E-001  -7.6717E-002   8.1335E-003   1.6279E-001   5.2448E-002  -5.4474E-002  -1.0213E-001   2.5829E-003  -3.8338E-003  -2.6892E-002   4.4914E-002  -3.5615E-002  -1.7544E-003   9.5338E-004   1.9780E-003  -2.8494E-003   3.1327E-002   1.5128E-001  
 2.5118E+000   1.1246E+000  -2.2494E+000   7.5417E-002   3.7821E-001   2.8376E-001   1.8965E-001  -9.4794E-002  -4.6405E-002   2.5478E-001  -7.7662E-003  -6.9265E-002  -9.2395E-002   3.3523E-003  -1.1255E-002  -1.5349E-002   3.0858E-002  -5.9581E-002   1.0837E-002   3.7710E-003   3.5593E-003  -3.4625E-003   3.3847E-002   1.6977E-001  
 2.9849E+000   8.5553E-001  -1.9960E+000  -1.1711E-001   8.6407E-001   8.2286E-001   2.7254E-001  -1.1681E-001  -1.3724E-001   3.6904E-001  -9.4271E-002  -5.8252E-002  -6.1171E-002   1.3048E-003  -2.5935E-002   6.5120E-004  -1.2984E-003  -9.2325E-002   3.4389E-002   8.2986E-003   4.0181E-003  -5.7427E-003   3.6361E-002   2.0344E-001  
 2.8267E+000   6.4060E-001   2.2397E+000  -2.9255E-002  -4.6690E-001   7.4947E-001  -2.5592E-001  -7.3160E-002   2.2952E-001   2.5380E-001  -5.7656E-002  -8.7499E-002   5.4512E-002  -7.6768E-003   1.5830E-002  -4.2141E-003  -1.4963E-002  -6.0225E-002  -5.4430E-002   6.2317E-003   1.1129E-003  -4.7186E-003   3.5284E-002   1.8123E-001  
 2.2793E+000   8.1573E-001   2.4451E+000   1.2424E-001  -1.5836E-001   2.1100E-001  -1.7279E-001  -5.7628E-002   1.2116E-001   1.7526E-001   2.1032E-002  -9.4572E-002   7.1089E-002  -2.2071E-003   7.7663E-003  -1.3924E-002  -4.1902E-002  -3.9831E-002  -2.7538E-002   3.8379E-003  -1.7706E-004  -2.7846E-003   3.2927E-002   1.6234E-001  
 1.6599E+000   9.5103E-001   2.3764E+000   1.8233E-001   4.2655E-002  -4.4705E-002  -1.1505E-001  -4.6018E-002   5.2130E-002   1.1401E-001   7.5878E-002  -7.8508E-002   7.4893E-002  -1.1437E-004   2.8529E-003  -2.0715E-002  -5.1862E-002  -2.4470E-002  -1.1177E-002   1.3441E-003  -4.3828E-004  -4.1989E-003   2.8942E-002   1.5954E-001  
 1.0301E+000   1.0531E+000   2.1032E+000   1.7916E-001   1.5096E-001  -1.1290E-001  -7.5090E-002  -3.7593E-002   1.2074E-002   6.7135E-002   1.1296E-001  -5.1464E-002   6.8862E-002   2.0745E-004   7.4579E-004  -2.4905E-002  -4.9769E-002  -1.3970E-002  -2.5392E-003   1.5935E-004  -1.1482E-004  -8.7889E-003   2.2454E-002   1.5237E-001  
 4.6267E-001   1.1258E+000   1.6871E+000   1.4500E-001   1.8198E-001  -7.5613E-002  -4.7883E-002  -3.1948E-002  -6.6145E-003   3.3523E-002   1.3734E-001  -2.3413E-002   5.6393E-002   1.8079E-004   1.9462E-004  -2.7666E-002  -4.1477E-002  -7.0858E-003   1.3862E-003   2.4858E-005  -5.2789E-005  -1.3412E-002   1.5824E-002   1.1432E-001  
 1.1460E-002   1.1743E+000   1.1743E+000   1.0345E-001   1.5463E-001  -5.1962E-013  -2.8523E-002  -2.8523E-002  -1.1291E-002   1.1291E-002   1.5286E-001   3.1338E-012   3.9924E-002   7.2683E-005  -5.1123E-012  -2.9698E-002  -2.9698E-002  -2.4280E-003   2.4280E-003  -6.3724E-006  -6.3724E-006  -1.6631E-002   1.0858E-002   8.2579E-002  
-2.7992E-001   1.2021E+000   5.9929E-001   7.1232E-002   8.7146E-002   6.5671E-002  -1.3324E-002  -2.6729E-002  -7.5801E-003  -1.3967E-003   1.6149E-001   1.5505E-002   2.0590E-002  -3.2821E-006  -3.0086E-005  -3.0934E-002  -1.5419E-002   3.1575E-004   1.6512E-003   5.6965E-006   1.0347E-005  -1.8600E-002   7.8389E-003   6.1962E-002  
-3.7954E-001   1.2111E+000   2.6742E-015   5.9371E-002  -3.5431E-015   9.0741E-002   4.2174E-015  -2.6182E-002  -4.3775E-015  -5.4744E-003   1.6423E-001   2.0859E-002  -6.4299E-016  -3.0798E-005   2.1631E-015  -3.1340E-002   6.7015E-015   1.2125E-003  -4.4308E-015   1.3509E-005   5.1779E-015  -1.9258E-002   6.8514E-003   5.7409E-002  
-2.7992E-001   1.2021E+000  -5.9929E-001   7.1232E-002  -8.7146E-002   6.5671E-002   1.3324E-002  -2.6729E-002   7.5801E-003  -1.3967E-003   1.6149E-001   1.5505E-002  -2.0590E-002  -3.2821E-006   3.0086E-005  -3.0934E-002   1.5419E-002   3.1575E-004  -1.6512E-003   5.6965E-006  -1.0347E-005  -1.8600E-002   7.8389E-003   6.1962E-002  
 1.1460E-002   1.1743E+000  -1.1743E+000   1.0345E-001  -1.5463E-001  -5.1649E-013   2.8523E-002  -2.8523E-002   1.1291E-002   1.1291E-002   1.5286E-001   3.1298E-012  -3.9924E-002   7.2683E-005   5.1127E-012  -2.9698E-002   2.9698E-002  -2.4280E-003  -2.4280E-003  -6.3724E-006   6.3724E-006  -1.6631E-002   1.0858E-002   8.2579E-002  
 4.6267E-001   1.1258E+000  -1.6871E+000   1.4500E-001  -1.8198E-001  -7.5613E-002   4.7883E-002  -3.1948E-002   6.6145E-003   3.3523E-002   1.3734E-001  -2.3413E-002  -5.6393E-002   1.8079E-004  -1.9462E-004  -2.7666E-002   4.1477E-002  -7.0858E-003  -1.3862E-003   2.4858E-005   5.2789E-005  -1.3412E-002   1.5824E-002   1.1432E-001  
 1.0301E+000   1.0531E+000  -2.1032E+000   1.7916E-001  -1.5096E-001  -1.1290E-001   7.5090E-002  -3.7593E-002  -1.2074E-002   6.7135E-002   1.1296E-001  -5.1464E-002  -6.8862E-002   2.0745E-004  -7.4579E-004  -2.4905E-002   4.9769E-002  -1.3970E-002   2.5392E-003   1.5935E-004   1.1482E-004  -8.7889E-003   2.2454E-002   1.5237E-001  
 1.6599E+000   9.5103E-001  -2.3764E+000   1.8233E-001  -4.2655E-002  -4.4705E-002   1.1505E-001  -4.6018E-002  -5.2130E-002   1.1401E-001   7.5878E-002  -7.8508E-002  -7.4893E-002  -1.1437E-004  -2.8529E-003  -2.0715E-002   5.1862E-002  -2.4470E-002   1.1177E-002   1.3441E-003   4.3828E-004  -4.1989E-003   2.8942E-002   1.5954E-001  
 2.2793E+000   8.1573E-001  -2.4451E+000   1.2424E-001   1.5836E-001   2.1100E-001   1.7279E-001  -5.7628E-002  -1.2116E-001   1.7526E-001   2.1032E-002  -9.4572E-002  -7.1089E-002  -2.2071E-003  -7.7663E-003  -1.3924E-002   4.1902E-002  -3.9831E-002   2.7538E-002   3.8379E-003   1.7706E-004  -2.7846E-003   3.2927E-002   1.6234E-001  
 2.8267E+000   6.4060E-001  -2.2397E+000  -2.9255E-002   4.6690E-001   7.4947E-001   2.5592E-001  -7.3160E-002  -2.2952E-001   2.5380E-001  -5.7656E-002  -8.7499E-002  -5.4512E-002  -7.6768E-003  -1.5830E-002  -4.2141E-003   1.4963E-002  -6.0225E-002   5.4430E-002   6.2317E-003  -1.1129E-003  -4.7186E-003   3.5284E-002   1.8123E-001  
 2.7160E+000   3.4039E-001   2.3871E+000   1.3961E-002  -2.0057E-001   6.8907E-001  -2.4231E-001  -3.4515E-002   2.8193E-001   1.2753E-001  -3.8264E-002  -1.0452E-001   3.0429E-002  -1.2876E-002   8.2579E-003  -3.1982E-003  -2.2876E-002  -3.0187E-002  -6.6718E-002   3.9189E-003   4.5196E-003  -4.2073E-003   3.4715E-002   1.7680E-001  
 2.1247E+000   4.2571E-001   2.5596E+000   1.4714E-001  -5.0428E-002   1.4749E-001  -1.6318E-001  -2.7110E-002   1.6496E-001   8.8923E-002   3.7408E-002  -1.1163E-001   3.8229E-002  -4.7266E-003   3.7147E-003  -7.9910E-003  -4.8400E-002  -1.9716E-002  -3.6617E-002   2.0770E-003   1.9044E-003  -2.5369E-003   3.2331E-002   1.5420E-001  
 1.4627E+000   4.9152E-001   2.4636E+000   1.8655E-001   4.5477E-002  -1.0937E-001  -1.0788E-001  -2.1504E-002   8.7129E-002   5.8435E-002   8.9157E-002  -9.4628E-002   3.9361E-002  -1.2432E-003   1.2959E-003  -1.1112E-002  -5.5898E-002  -1.2249E-002  -1.8280E-002   6.7874E-004   4.3474E-004  -5.2235E-003   2.7304E-002   1.6435E-001  
 7.9438E-001   5.4095E-001   2.1672E+000   1.6781E-001   9.4856E-002  -1.7810E-001  -6.9972E-002  -1.7457E-002   3.8850E-002   3.5061E-002   1.2387E-001  -6.6946E-002   3.5681E-002  -2.9257E-004   4.3164E-004  -1.2989E-002  -5.2122E-002  -7.3417E-003  -8.1722E-003   1.4734E-004   7.9253E-005  -1.0785E-002   1.9620E-002   1.3812E-001  
 1.9516E-001   5.7599E-001   1.7314E+000   1.2169E-001   1.0565E-001  -1.4118E-001  -4.4692E-002  -1.4861E-002   1.2849E-002   1.8509E-002   1.4689E-001  -3.8915E-002   2.9144E-002  -5.3658E-005   1.4054E-004  -1.4394E-002  -4.3296E-002  -3.9515E-003  -2.7618E-003   4.4099E-005   1.3566E-005  -1.5354E-002   1.2822E-002   9.6665E-002  
-2.7992E-001   5.9929E-001   1.2021E+000   7.1232E-002   8.7146E-002  -6.5671E-002  -2.6729E-002  -1.3324E-002   1.3967E-003   7.5801E-003   1.6149E-001  -1.5505E-002   2.0590E-002  -3.2821E-006   3.0086E-005  -1.5419E-002  -3.0934E-002  -1.6512E-003  -3.1575E-004   1.0347E-005   5.6965E-006  -1.8600E-002   7.8389E-003   6.1962E-002  
-5.8615E-001   6.1266E-001   6.1266E-001   3.3514E-002   4.8492E-002   6.4827E-012  -1.2534E-002  -1.2534E-002  -1.3431E-003   1.3431E-003   1.6962E-001   1.3634E-011   1.0608E-002  -6.9868E-006  -1.5437E-011  -1.6027E-002  -1.6027E-002  -2.9325E-004   2.9325E-004   4.7493E-006   4.7492E-006  -2.0603E-002   4.9506E-003   3.8089E-002  
-6.9075E-001   6.1696E-001   1.3622E-015   1.9814E-002   2.0387E-015   2.5081E-002  -3.2915E-015  -1.2298E-002   1.8064E-015  -6.6015E-004   1.7219E-001   5.3561E-003   3.5317E-016  -1.3395E-005  -1.5176E-015  -1.6226E-002  -4.1187E-015   1.5294E-004   2.4972E-015   5.0757E-006  -2.8791E-015  -2.1278E-002   4.0948E-003   3.0385E-002  
-5.8615E-001   6.1266E-001  -6.1266E-001   3.3514E-002  -4.8492E-002   6.4878E-012   1.2534E-002  -1.2534E-002   1.3431E-003   1.3431E-003   1.6962E-001   1.3633E-011  -1.0608E-002  -6.9868E-006   1.5438E-011  -1.6027E-002   1.6027E-002  -2.9325E-004  -2.9325E-004   4.7493E-006  -4.7492E-006  -2.0603E-002   4.9506E-003   3.8089E-002  
-2.7992E-001   5.9929E-001  -1.2021E+000   7.1232E-002  -8.7146E-002  -6.5671E-002   2.6729E-002  -1.3324E-002  -1.3967E-003   7.5801E-003   1.6149E-001  -1.5505E-002  -2.0590E-002  -3.2821E-006  -3.0086E-005  -1.5419E-002   3.0934E-002  -1.6512E-003   3.1575E-004   1.0347E-005  -5.6965E-006  -1.8600E-002   7.8389E-003   6.1962E-002  
 1.9516E-001   5.7599E-001  -1.7314E+000   1.2169E-001  -1.0565E-001  -1.4118E-001   4.4692E-002  -1.4861E-002  -1.2849E-002   1.8509E-002   1.4689E-001  -3.8915E-002  -2.9144E-002  -5.3658E-005  -1.4054E-004  -1.4394E-002   4.3296E-002  -3.9515E-003   2.7618E-003   4.4099E-005  -1.3566E-005  -1.5354E-002   1.2822E-002   9.6665E-002  
 7.9438E-001   5.4095E-001  -2.1672E+000   1.6781E-001  -9.4856E-002  -1.7810E-001   6.9972E-002  -1.7457E-002  -3.8850E-002   3.5061E-002   1.2387E-001  -6.6946E-002  -3.5681E-002  -2.9257E-004  -4.3164E-004  -1.2989E-002   5.2122E-002  -7.3417E-003   8.1722E-003   1.4734E-004  -7.9253E-005  -1.0785E-002   1.9620E-002   1.3812E-001  
 1.4627E+000   4.9152E-001  -2.4636E+000   1.8655E-001  -4.5477E-002  -1.0937E-001   1.0788E-001  -2.1504E-002  -8.7129E-002   5.8435E-002   8.9157E-002  -9.4628E-002  -3.9361E-002  -1.2432E-003  -1.2959E-003  -1.1112E-002   5.5898E-002  -1.2249E-002   1.8280E-002   6.7874E-004  -4.3474E-004  -5.2235E-003   2.7304E-002   1.6435E-001  
 2.1247E+000   4.2571E-001  -2.5596E+000   1.4714E-001   5.0428E-002   1.4749E-001   1.6318E-001  -2.7110E-002  -1.6496E-001   8.8923E-002   3.7408E-002  -1.1163E-001  -3.8229E-002  -4.7266E-003  -3.7147E-003  -7.9910E-003   4.8400E-002  -1.9716E-002   3.6617E-002   2.0770E-003  -1.9044E-003  -2.5369E-003   3.2331E-002   1.5420E-001  
 2.7160E+000   3.4039E-001  -2.3871E+000   1.3961E-002   2.0057E-001   6.8907E-001   2.4231E-001  -3.4515E-002  -2.8193E-001   1.2753E-001  -3.8264E-002  -1.0452E-001  -3.0429E-002  -1.2876E-002  -8.2579E-003  -3.1982E-003   2.2876E-002  -3.0187E-002   6.6718E-002   3.9189E-003  -4.5196E-003  -4.2073E-003   3.4715E-002   1.7680E-001  
 2.6772E+000  -1.7433E-016   2.4352E+000   2.7176E-002   3.2459E-017   6.6587E-001  -2.3793E-001   1.1970E-016   2.9897E-001   5.6823E-017  -3.2020E-002  -1.1039E-001   6.6848E-016  -1.4500E-002  -8.9456E-017  -4.5541E-016  -2.5406E-002  -3.9739E-016  -7.0652E-002  -1.8557E-016   5.7889E-003  -4.1223E-003   3.4483E-002   1.7632E-001  
 2.0711E+000  -1.5010E-016   2.5969E+000   1.5359E-001   1.1721E-015   1.2326E-001  -1.6003E-001  -7.1833E-016   1.7917E-001   2.2228E-015   4.2607E-002  -1.1751E-001   1.4057E-015  -5.3905E-003  -2.9484E-015  -5.1679E-016  -5.0419E-002   2.2069E-015  -3.9486E-002  -3.7158E-015   2.4949E-003  -2.5078E-003   3.2086E-002   1.5053E-001  
 1.3947E+000   4.8854E-016   2.4920E+000   1.8676E-001  -1.6400E-015  -1.3403E-001  -1.0554E-001   1.1065E-015   9.8432E-002  -2.2173E-015   9.3322E-002  -1.0015E-001  -1.7269E-015  -1.4856E-003   3.4673E-015   8.3027E-016  -5.7110E-002  -2.8886E-015  -2.0554E-002   4.6300E-015   5.6067E-004  -5.7267E-003   2.6644E-002   1.6671E-001  
 7.1347E-001   3.8562E-016   2.1879E+000   1.6294E-001  -1.1553E-016  -2.0297E-001  -6.8370E-002   2.8963E-016   4.7460E-002   5.4065E-016   1.2733E-001  -7.2299E-002   3.9179E-016  -4.4995E-004  -8.4125E-017  -5.8742E-017  -5.2913E-002  -1.0682E-016  -1.0010E-002  -5.9026E-017   1.4456E-004  -1.1444E-002   1.8661E-002   1.3703E-001  
 1.0356E-001  -5.0277E-017   1.7458E+000   1.1281E-001   6.0310E-017  -1.6620E-001  -4.3701E-002  -2.7597E-016   1.9105E-002   7.0154E-017   1.4992E-001  -4.4268E-002  -6.8028E-017  -1.2566E-004  -1.6243E-016  -1.1601E-016  -4.3912E-002   1.4167E-016  -4.1181E-003   4.9215E-016   4.1239E-005  -1.6000E-002   1.1818E-002   9.3532E-002  
-3.7954E-001  -8.5956E-017   1.2111E+000   5.9371E-002  -2.0193E-016  -9.0741E-002  -2.6182E-002   2.5471E-017   5.4744E-003   1.7943E-016   1.6423E-001  -2.0859E-002   3.9847E-016  -3.0798E-005   2.1180E-016   6.5920E-017  -3.1340E-002  -1.1680E-016  -1.2125E-003   7.5173E-017   1.3509E-005  -1.9258E-002   6.8514E-003   5.7409E-002  
-6.9075E-001   5.7650E-017   6.1696E-001   1.9814E-002  -2.8755E-017  -2.5081E-002  -1.2298E-002  -7.1599E-017   6.6015E-004   3.0443E-017   1.7219E-001  -5.3561E-003  -1.9342E-016  -1.3395E-005   2.4447E-017   5.3786E-017  -1.6226E-002   1.0752E-016  -1.5294E-004  -1.7758E-017   5.0758E-006  -2.1278E-002   4.0948E-003   3.0385E-002  
-7.9702E-001  -1.5472E-015   1.3842E-016   5.5049E-003   3.4100E-017   3.8494E-011   4.3276E-015   1.6171E-016  -4.1475E-015   1.2106E-017   1.7471E-001  -2.5568E-012   1.0159E-015  -1.0133E-005  -1.3620E-017   5.9691E-016   6.7142E-015  -2.7898E-017  -4.4198E-015  -2.8756E-017   4.6919E-015  -2.1950E-002   3.3761E-003   1.3452E-002  
-6.9075E-001  -1.9956E-016  -6.1696E-001   1.9814E-002   3.7338E-016  -2.5081E-002   1.2298E-002  -3.2637E-016  -6.6015E-004   8.0034E-016   1.7219E-001  -5.3561E-003   4.5090E-016  -1.3395E-005  -1.1092E-015  -3.4129E-016   1.6226E-002   9.9365E-016   1.5294E-004  -1.6238E-015  -5.0758E-006  -2.1278E-002   4.0948E-003   3.0385E-002  
-3.7954E-001   4.4700E-016  -1.2111E+000   5.9371E-002  -1.1048E-015  -9.0741E-002   2.6182E-002   5.4648E-016  -5.4744E-003  -1.3467E-015   1.6423E-001  -2.0859E-002  -8.7844E-016  -3.0798E-005   2.0188E-015   7.1436E-016   3.1340E-002  -1.9422E-015   1.2125E-003   2.6120E-015  -1.3509E-005  -1.9258E-002   6.8514E-003   5.7409E-002  
 1.0356E-001   4.2486E-017  -1.7458E+000   1.1281E-001   1.9492E-016  -1.6620E-001   4.3701E-002  -1.8089E-016  -1.9105E-002   2.4317E-016   1.4992E-001  -4.4268E-002   6.5115E-016  -1.2566E-004  -4.5961E-016  -3.0816E-016   4.3912E-002   4.1318E-016   4.1181E-003  -4.2150E-016  -4.1239E-005  -1.6000E-002   1.1818E-002   9.3532E-002  
 7.1347E-001  -1.8211E-016  -2.1879E+000   1.6294E-001  -6.3694E-016  -2.0297E-001   6.8370E-002   5.3848E-016  -4.7460E-002  -1.1674E-015   1.2733E-001  -7.2299E-002  -2.6969E-016  -4.4995E-004   1.5234E-015   2.3208E-016   5.2913E-002  -1.3959E-015   1.0010E-002   2.3782E-015  -1.4456E-004  -1.1444E-002   1.8661E-002   1.3703E-001  
 1.3947E+000   7.6166E-016  -2.4920E+000   1.8676E-001  -1.4065E-015  -1.3403E-001   1.0554E-001   1.0239E-015  -9.8432E-002  -2.7258E-015   9.3322E-002  -1.0015E-001  -2.3417E-015  -1.4856E-003   3.8404E-015   1.2996E-015   5.7110E-002  -3.0881E-015   2.0554E-002   5.1591E-015  -5.6067E-004  -5.7267E-003   2.6644E-002   1.6671E-001  
 2.0711E+000  -7.2422E-016  -2.5969E+000   1.5359E-001   1.7054E-015   1.2326E-001   1.6003E-001  -1.1475E-015  -1.7917E-001   2.6736E-015   4.2607E-002  -1.1751E-001   2.2922E-015  -5.3905E-003  -3.4773E-015  -1.2931E-015   5.0419E-002   3.5689E-015   3.9486E-002  -5.1415E-015  -2.4949E-003  -2.5078E-003   3.2086E-002   1.5053E-001  
 2.6772E+000  -3.7045E-016  -2.4352E+000   2.7176E-002   4.3889E-016   6.6587E-001   2.3793E-001  -3.5493E-016  -2.9897E-001   1.1671E-015  -3.2020E-002  -1.1039E-001   2.0744E-016  -1.4500E-002  -4.7268E-016  -4.0707E-016   2.5406E-002   7.4190E-016   7.0652E-002  -9.1993E-016  -5.7889E-003  -4.1223E-003   3.4483E-002   1.7632E-001  
 2.7160E+000  -3.4039E-001   2.3871E+000   1.3961E-002   2.0057E-001   6.8907E-001  -2.4231E-001   3.4515E-002   2.8193E-001  -1.2753E-001  -3.8264E-002  -1.0452E-001  -3.0429E-002  -1.2876E-002  -8.2579E-003   3.1982E-003  -2.2876E-002   3.0187E-002  -6.6718E-002  -3.9189E-003   4.5196E-003  -4.2073E-003   3.4715E-002   1.7680E-001  
 2.1247E+000  -4.2571E-001   2.5596E+000   1.4714E-001   5.0428E-002   1.4749E-001  -1.6318E-001   2.7110E-002   1.6496E-001  -8.8923E-002   3.7408E-002  -1.1163E-001  -3.8229E-002  -4.7266E-003  -3.7147E-003   7.9910E-003  -4.8400E-002   1.9716E-002  -3.6617E-002  -2.0770E-003   1.9044E-003  -2.5369E-003   3.2331E-002   1.5420E-001  
 1.4627E+000  -4.9152E-001   2.4636E+000   1.8655E-001  -4.5477E-002  -1.0937E-001  -1.0788E-001   2.1504E-002   8.7129E-002  -5.8435E-002   8.9157E-002  -9.4628E-002  -3.9361E-002  -1.2432E-003  -1.2959E-003   1.1112E-002  -5.5898E-002   1.2249E-002  -1.8280E-002  -6.7874E-004   4.3474E-004  -5.2235E-003   2.7304E-002   1.6435E-001  
 7.9438E-001  -5.4095E-001   2.1672E+000   1.6781E-001  -9.4856E-002  -1.7810E-001  -6.9972E-002   1.7457E-002   3.8850E-002  -3.5061E-002   1.2387E-001  -6.6946E-002  -3.5681E-002  -2.9257E-004  -4.3164E-004   1.2989E-002  -5.2122E-002   7.3417E-003  -8.1722E-003  -1.4734E-004   7.9253E-005  -1.0785E-002   1.9620E-002   1.3812E-001  
 1.9516E-001  -5.7599E-001   1.7314E+000   1.2169E-001  -1.0565E-001  -1.4118E-001  -4.4692E-002   1.4861E-002   1.2849E-002  -1.8509E-002   1.4689E-001  -3.8915E-002  -2.9144E-002  -5.3658E-005  -1.4054E-004   1.4394E-002  -4.3296E-002   3.9515E-003  -2.7618E-003  -4.4099E-005   1.3566E-005  -1.5354E-002   1.2822E-002   9.6665E-002  
-2.7992E-001  -5.9929E-001   1.2021E+000   7.1232E-002  -8.7146E-002  -6.5671E-002  -2.6729E-002   1.3324E-002   1.3967E-003  -7.5801E-003   1.6149E-001  -1.5505E-002  -2.0590E-002  -3.2821E-006  -3.0086E-005   1.5419E-002  -3.0934E-002   1.6512E-003  -3.1575E-004  -1.0347E-005   5.6965E-006  -1.8600E-002   7.8389E-003   6.1962E-002  
-5.8615E-001  -6.1266E-001   6.1266E-001   3.3514E-002  -4.8492E-002   6.4848E-012  -1.2534E-002   1.2534E-002  -1.3431E-003  -1.3431E-003   1.6962E-001   1.3635E-011  -1.0608E-002  -6.9868E-006   1.5437E-011   1.6027E-002  -1.6027E-002   2.9325E-004   2.9325E-004  -4.7493E-006   4.7492E-006  -2.0603E-002   4.9506E-003   3.8089E-002  
-6.9075E-001  -6.1696E-001  -1.6674E-015   1.9814E-002   1.6073E-015   2.5081E-002  -2.5190E-015   1.2298E-002   3.2698E-015   6.6015E-004   1.7219E-001   5.3561E-003  -1.5038E-017  -1.3395E-005  -2.2581E-015   1.6226E-002  -3.2268E-015  -1.5294E-004   1.9763E-015  -5.0757E-006  -2.4209E-015  -2.1278E-002   4.0948E-003   3.0385E-002  
-5.8615E-001  -6.1266E-001  -6.1266E-001   3.3514E-002   4.8492E-002   6.4862E-012   1.2534E-002   1.2534E-002   1.3431E-003  -1.3431E-003   1.6962E-001   1.3636E-011   1.0608E-002  -6.9868E-006  -1.5436E-011   1.6027E-002   1.6027E-002   2.9325E-004  -2.9325E-004  -4.7493E-006  -4.7492E-006  -2.0603E-002   4.9506E-003   3.8089E-002  
-2.7992E-001  -5.9929E-001  -1.2021E+000   7.1232E-002   8.7146E-002  -6.5671E-002   2.6729E-002   1.3324E-002  -1.3967E-003  -7.5801E-003   1.6149E-001  -1.5505E-002   2.0590E-002  -3.2821E-006   3.0086E-005   1.5419E-002   3.0934E-002   1.6512E-003   3.1575E-004  -1.0347E-005  -5.6965E-006  -1.8600E-002   7.8389E-003   6.1962E-002  
 1.9516E-001  -5.7599E-001  -1.7314E+000   1.2169E-001   1.0565E-001  -1.4118E-001   4.4692E-002   1.4861E-002  -1.2849E-002  -1.8509E-002   1.4689E-001  -3.8915E-002   2.9144E-002  -5.3658E-005   1.4054E-004   1.4394E-002   4.3296E-002   3.9515E-003   2.7618E-003  -4.4099E-005  -1.3566E-005  -1.5354E-002   1.2822E-002   9.6665E-002  
 7.9438E-001  -5.4095E-001  -2.1672E+000   1.6781E-001   9.4856E-002  -1.7810E-001   6.9972E-002   1.7457E-002  -3.8850E-002  -3.5061E-002   1.2387E-001  -6.6946E-002   3.5681E-002  -2.9257E-004   4.3164E-004   1.2989E-002   5.2122E-002   7.3417E-003   8.1722E-003  -1.4734E-004  -7.9253E-005  -1.0785E-002   1.9620E-002   1.3812E-001  
 1.4627E+000  -4.9152E-001  -2.4636E+000   1.8655E-001   4.5477E-002  -1.0937E-001   1.0788E-001   2.1504E-002  -8.7129E-002  -5.8435E-002   8.9157E-002  -9.4628E-002   3.9361E-002  -1.2432E-003   1.2959E-003   1.1112E-002   5.5898E-002   1.2249E-002   1.8280E-002  -6.7874E-004  -4.3474E-004  -5.2235E-003   2.7304E-002   1.6435E-001  
 2.1247E+000  -4.2571E-001  -2.5596E+000   1.4714E-001  -5.0428E-002   1.4749E-001   1.6318E-001   2.7110E-002  -1.6496E-001  -8.8923E-002   3.7408E-002  -1.1163E-001   3.8229E-002  -4.7266E-003   3.7147E-003   7.9910E-003   4.8400E-002   1.9716E-002   3.6617E-002  -2.0770E-003  -1.9044E-003  -2.5369E-003   3.2331E-002   1.5420E-001  
 2.7160E+000  -3.4039E-001  -2.3871E+000   1.3961E-002  -2.0057E-001   6.8907E-001   2.4231E-001   3.4515E-002  -2.8193E-001  -1.2753E-001  -3.8264E-002  -1.0452E-001   3.0429E-002  -1.2876E-002   8.2579E-003   3.1982E-003   2.2876E-002   3.0187E-002   6.6718E-002  -3.9189E-003  -4.5196E-003  -4.2073E-003   3.4715E-002   1.7680E-001  
 2.8267E+000  -6.4060E-001   2.2397E+000  -2.9255E-002   4.6690E-001   7.4947E-001  -2.5592E-001   7.3160E-002   2.2952E-001  -2.5380E-001  -5.7656E-002  -8.7499E-002  -5.4512E-002  -7.6768E-003  -1.5830E-002   4.2141E-003  -1.4963E-002   6.0225E-002  -5.4430E-002  -6.2317E-003   1.1129E-003  -4.7186E-003   3.5284E-002   1.8123E-001  
 2.2793E+000  -8.1573E-001   2.4451E+000   1.2424E-001   1.5836E-001   2.1100E-001  -1.7279E-001   5.7628E-002   1.2116E-001  -1.7526E-001   2.1032E-002  -9.4572E-002  -7.1089E-002  -2.2071E-003  -7.7663E-003   1.3924E-002  -4.1902E-002   3.9831E-002  -2.7538E-002  -3.8379E-003  -1.7706E-004  -2.7846E-003   3.2927E-002   1.6234E-001  
 1.6599E+000  -9.5103E-001   2.3764E+000   1.8233E-001  -4.2655E-002  -4.4705E-002  -1.1505E-001   4.6018E-002   5.2130E-002  -1.1401E-001   7.5878E-002  -7.8508E-002  -7.4893E-002  -1.1437E-004  -2.8529E-003   2.0715E-002  -5.1862E-002   2.4470E-002  -1.1177E-002  -1.3441E-003  -4.3828E-004  -4.1989E-003   2.8942E-002   1.5954E-001  
 1.0301E+000  -1.0531E+000   2.1032E+000   1.7916E-001  -1.5096E-001  -1.1290E-001  -7.5090E-002   3.7593E-002   1.2074E-002  -6.7135E-002   1.1296E-001  -5.1464E-002  -6.8862E-002   2.0745E-004  -7.4579E-004   2.4905E-002  -4.9769E-002   1.3970E-002  -2.5392E-003  -1.5935E-004  -1.1482E-004  -8.7889E-003   2.2454E-002   1.5237E-001  
 4.6267E-001  -1.1258E+000   1.6871E+000   1.4500E-001  -1.8198E-001  -7.5613E-002  -4.7883E-002   3.1948E-002  -6.6145E-003  -3.3523E-002   1.3734E-001  -2.3413E-002  -5.6393E-002   1.8079E-004  -1.9462E-004   2.7666E-002  -4.1477E-002   7.0858E-003   1.3862E-003  -2.4858E-005  -5.2789E-005  -1.3412E-002   1.5824E-002   1.1432E-001  
 1.1460E-002  -1.1743E+000   1.1743E+000   1.0345E-001  -1.5463E-001  -5.1715E-013  -2.8523E-002   2.8523E-002  -1.1291E-002  -1.1291E-002   1.5286E-001   3.1321E-012  -3.9924E-002   7.2683E-005   5.1118E-012   2.9698E-002  -2.9698E-002   2.4280E-003   2.4280E-003   6.3724E-006  -6.3724E-006  -1.6631E-002   1.0858E-002   8.2579E-002  
-2.7992E-001  -1.2021E+000   5.9929E-001   7.1232E-002  -8.7146E-002   6.5671E-002  -1.3324E-002   2.6729E-002  -7.5801E-003   1.3967E-003   1.6149E-001   1.5505E-002  -2.0590E-002  -3.2821E-006   3.0086E-005   3.0934E-002  -1.5419E-002  -3.1575E-004   1.6512E-003  -5.6965E-006   1.0347E-005  -1.8600E-002   7.8389E-003   6.1962E-002  
-3.7954E-001  -1.2111E+000   2.9996E-015   5.9371E-002  -2.7583E-015   9.0741E-002   5.3830E-015   2.6182E-002  -3.7098E-015   5.4744E-003   1.6423E-001   2.0859E-002  -8.1496E-016  -3.0798E-005   2.3410E-015   3.1340E-002   5.4971E-015  -1.2125E-003  -4.9088E-015  -1.3509E-005   3.9653E-015  -1.9258E-002   6.8514E-003   5.7409E-002  
-2.7992E-001  -1.2021E+000  -5.9929E-001   7.1232E-002   8.7146E-002   6.5671E-002   1.3324E-002   2.6729E-002   7.5801E-003   1.3967E-003   1.6149E-001   1.5505E-002   2.0590E-002  -3.2821E-006  -3.0086E-005   3.0934E-002   1.5419E-002  -3.1575E-004  -1.6512E-003  -5.6965E-006  -1.0347E-005  -1.8600E-002   7.8389E-003   6.1962E-002  
 1.1460E-002  -1.1743E+000  -1.1743E+000   1.0345E-001   1.5463E-001  -5.1806E-013   2.8523E-002   2.8523E-002   1.1291E-002  -1.1291E-002   1.5286E-001   3.1337E-012   3.9924E-002   7.2683E-005  -5.1142E-012   2.9698E-002   2.9698E-002   2.4280E-003  -2.4280E-003   6.3724E-006   6.3724E-006  -1.6631E-002   1.0858E-002   8.2579E-002  
 4.6267E-001  -1.1258E+000  -1.6871E+000   1.4500E-001   1.8198E-001  -7.5613E-002   4.7883E-002   3.1948E-002   6.6145E-003  -3.3523E-002   1.3734E-001  -2.3413E-002   5.6393E-002   1.8079E-004   1.9462E-004   2.7666E-002   4.1477E-002   7.0858E-003  -1.3862E-003  -2.4858E-005   5.2789E-005  -1.3412E-002   1.5824E-002   1.1432E-001  
 1.0301E+000  -1.0531E+000  -2.1032E+000   1.7916E-001   1.5096E-001  -1.1290E-001   7.5090E-002   3.7593E-002  -1.2074E-002  -6.7135E-002   1.1296E-001  -5.1464E-002   6.8862E-002   2.0745E-004   7.4579E-004   2.4905E-002   4.9769E-002   1.3970E-002   2.5392E-003  -1.5935E-004   1.1482E-004  -8.7889E-003   2.2454E-002   1.5237E-001  
 1.6599E+000  -9.5103E-001  -2.3764E+000   1.8233E-001   4.2655E-002  -4.4705E-002   1.1505E-001   4.6018E-002  -5.2130E-002  -1.1401E-001   7.5878E-002  -7.8508E-002   7.4893E-002  -1.1437E-004   2.8529E-003   2.0715E-002   5.1862E-002   2.4470E-002   1.1177E-002  -1.3441E-003   4.3828E-004  -4.1989E-003   2.8942E-002   1.5954E-001  
 2.2793E+000  -8.1573E-001  -2.4451E+000   1.2424E-001  -1.5836E-001   2.1100E-001   1.7279E-001   5.7628E-002  -1.2116E-001  -1.7526E-001   2.1032E-002  -9.4572E-002   7.1089E-002  -2.2071E-003   7.7663E-003   1.3924E-002   4.1902E-002   3.9831E-002   2.7538E-002  -3.8379E-003   1.7706E-004  -2.7846E-003   3.2927E-002   1.6234E-001  
 2.8267E+000  -6.4060E-001  -2.2397E+000  -2.9255E-002  -4.6690E-001   7.4947E-001   2.5592E-001   7.3160E-002  -2.2952E-001  -2.5380E-001  -5.7656E-002  -8.7499E-002   5.4512E-002  -7.6768E-003   1.5830E-002   4.2141E-003   1.4963E-002   6.0225E-002   5.4430E-002  -6.2317E-003  -1.1129E-003  -4.7186E-003   3.5284E-002   1.8123E-001  
 2.9849E+000  -8.5553E-001   1.9960E+000  -1.1711E-001   8.6407E-001   8.2286E-001  -2.7254E-001   1.1681E-001   1.3724E-001  -3.6904E-001  -9.4271E-002  -5.8252E-002  -6.1171E-002   1.3048E-003  -2.5935E-002  -6.5120E-004   1.2984E-003   9.2325E-002  -3.4389E-002  -8.2986E-003  -4.0181E-003  -5.7427E-003   3.6361E-002   2.0344E-001  
 2.5118E+000  -1.1246E+000   2.2494E+000   7.5417E-002   3.7821E-001   2.8376E-001  -1.8965E-001   9.4794E-002   4.6405E-002  -2.5478E-001  -7.7662E-003  -6.9265E-002  -9.2395E-002   3.3523E-003  -1.1255E-002   1.5349E-002  -3.0858E-002   5.9581E-002  -1.0837E-002  -3.7710E-003  -3.5593E-003  -3.4625E-003   3.3847E-002   1.6977E-001  
 1.9604E+000  -1.3352E+000   2.2264E+000   1.6448E-001   5.5517E-002   2.9675E-002  -1.2796E-001   7.6717E-002  -8.1335E-003  -1.6279E-001   5.2448E-002  -5.4474E-002  -1.0213E-001   2.5829E-003  -3.8338E-003   2.6892E-002  -4.4914E-002   3.5615E-002   1.7544E-003  -9.5338E-004  -1.9780E-003  -2.8494E-003   3.1327E-002   1.5128E-001  
 1.3921E+000  -1.4951E+000   1.9926E+000   1.8679E-001  -1.2930E-001  -3.7635E-002  -8.4284E-002   6.3234E-002  -3.4649E-002  -9.1940E-002   9.3475E-002  -2.7987E-002  -9.6171E-002   1.2690E-003  -7.7943E-004   3.4266E-002  -4.5701E-002   1.9107E-002   7.1927E-003   4.9666E-005  -5.4566E-004  -5.6992E-003   2.6695E-002   1.6490E-001  
 8.7558E-001  -1.6100E+000   1.6100E+000   1.7222E-001  -1.9895E-001   6.3114E-012  -5.3776E-002   5.3776E-002  -4.0676E-002  -4.0676E-002   1.2024E-001   4.8858E-014  -7.9450E-002   5.8138E-004   7.4152E-012   3.8498E-002  -3.8498E-002   8.4932E-003   8.4932E-003   1.0585E-004  -1.0585E-004  -1.0109E-002   2.0624E-002   1.4160E-001  
 4.6267E-001  -1.6871E+000   1.1258E+000   1.4500E-001  -1.8198E-001   7.5613E-002  -3.1948E-002   4.7883E-002  -3.3523E-002  -6.6145E-003   1.3734E-001   2.3413E-002  -5.6393E-002   1.8079E-004   1.9462E-004   4.1477E-002  -2.7666E-002   1.3862E-003   7.0858E-003   5.2789E-005   2.4858E-005  -1.3412E-002   1.5824E-002   1.1432E-001  
 1.9516E-001  -1.7314E+000   5.7599E-001   1.2169E-001  -1.0565E-001   1.4118E-001  -1.4861E-002   4.4692E-002  -1.8509E-002   1.2849E-002   1.4689E-001   3.8915E-002  -2.9144E-002  -5.3658E-005   1.4054E-004   4.3296E-002  -1.4394E-002  -2.7618E-003   3.9515E-003  -1.3566E-005   4.4099E-005  -1.5354E-002   1.2822E-002   9.6665E-002  
 1.0356E-001  -1.7458E+000  -4.5818E-017   1.1281E-001   1.0548E-015   1.6620E-001  -1.1387E-015   4.3701E-002   1.4644E-015   1.9105E-002   1.4992E-001   4.4268E-002   2.6012E-016  -1.2566E-004   4.8965E-016   4.3912E-002  -1.2286E-015  -4.1181E-003   2.6590E-015  -4.1239E-005  -3.9250E-015  -1.6000E-002   1.1818E-002   9.3532E-002  
 1.9516E-001  -1.7314E+000  -5.7599E-001   1.2169E-001   1.0565E-001   1.4118E-001   1.4861E-002   4.4692E-002   1.8509E-002   1.2849E-002   1.4689E-001   3.8915E-002   2.9144E-002  -5.3658E-005  -1.4054E-004   4.3296E-002   1.4394E-002  -2.7618E-003  -3.9515E-003  -1.3566E-005  -4.4099E-005  -1.5354E-002   1.2822E-002   9.6665E-002  
 4.6267E-001  -1.6871E+000  -1.1258E+000   1.4500E-001   1.8198E-001   7.5613E-002   3.1948E-002   4.7883E-002   3.3523E-002  -6.6145E-003   1.3734E-001   2.3413E-002   5.6393E-002   1.8079E-004  -1.9462E-004   4.1477E-002   2.7666E-002   1.3862E-003  -7.0858E-003   5.2789E-005  -2.4858E-005  -1.3412E-002   1.5824E-002   1.1432E-001  
 8.7558E-001  -1.6100E+000  -1.6100E+000   1.7222E-001   1.9895E-001   6.3068E-012   5.3776E-002   5.3776E-002   4.0676E-002  -4.0676E-002   1.2024E-001   5.1065E-014   7.9450E-002   5.8138E-004  -7.4095E-012   3.8498E-002   3.8498E-002   8.4932E-003  -8.4932E-003   1.0585E-004   1.0585E-004  -1.0109E-002   2.0624E-002   1.4160E-001  
 1.3921E+000  -1.4951E+000  -1.9926E+000   1.8679E-001   1.2930E-001  -3.7635E-002   8.4284E-002   6.3234E-002   3.4649E-002  -9.1940E-002   9.3475E-002  -2.7987E-002   9.6171E-002   1.2690E-003   7.7943E-004   3.4266E-002   4.5701E-002   1.9107E-002  -7.1927E-003   4.9666E-005   5.4566E-004  -5.6992E-003   2.6695E-002   1.6490E-001  
 1.9604E+000  -1.3352E+000  -2.2264E+000   1.6448E-001  -5.5517E-002   2.9675E-002   1.2796E-001   7.6717E-002   8.1335E-003  -1.6279E-001   5.2448E-002  -5.4474E-002   1.0213E-001   2.5829E-003   3.8338E-003   2.6892E-002   4.4914E-002   3.5615E-002  -1.7544E-003  -9.5338E-004   1.9780E-003  -2.8494E-003   3.1327E-002   1.5128E-001  
 2.5118E+000  -1.1246E+000  -2.2494E+000   7.5417E-002  -3.7821E-001   2.8376E-001   1.8965E-001   9.4794E-002  -4.6405E-002  -2.5478E-001  -7.7662E-003  -6.9265E-002   9.2395E-002   3.3523E-003   1.1255E-002   1.5349E-002   3.0858E-002   5.9581E-002   1.0837E-002  -3.7710E-003   3.5593E-003  -3.4625E-003   3.3847E-002   1.6977E-001  
 2.9849E+000  -8.5553E-001  -1.9960E+000  -1.1711E-001  -8.6407E-001   8.2286E-001   2.7254E-001   1.1681E-001  -1.3724E-001  -3.6904E-001  -9.4271E-002  -5.8252E-002   6.1171E-002   1.3048E-003   2.5935E-002  -6.5120E-004  -1.2984E-003   9.2325E-002   3.4389E-002  -8.2986E-003   4.0181E-003  -5.7427E-003   3.6361E-002   2.0344E-001  
 3.0587E+000  -1.0143E+000   1.7759E+000  -3.5829E-001   1.5505E+000   9.1454E-001  -2.1244E-001   1.2143E-001   5.5832E-003  -4.1122E-001  -1.8956E-001   1.9980E-003   3.1797E-003   2.6969E-002  -4.8837E-002  -3.5927E-002   6.2823E-002   1.3174E-001  -1.9164E-003  -6.0368E-003  -9.8250E-003  -1.1570E-002   2.8960E-002   1.8355E-001  
 2.7907E+000  -1.3077E+000   1.9627E+000  -1.4439E-002   7.6260E-001   3.1823E-001  -2.1546E-001   1.4353E-001  -6.3282E-002  -3.2500E-001  -5.1263E-002  -4.0530E-002  -9.7066E-002   1.1829E-002  -1.1937E-002   9.9372E-003  -1.5066E-002   7.6961E-002   1.4998E-002  -1.2903E-003  -6.0588E-003  -4.6936E-003   3.5087E-002   1.7980E-001  
 2.3277E+000  -1.6037E+000   2.0064E+000   1.1551E-001   2.9496E-001   6.6610E-002  -1.4675E-001   1.1725E-001  -9.6832E-002  -1.9953E-001   1.5398E-002  -2.6063E-002  -1.1512E-001   7.9844E-003  -3.7854E-003   2.6361E-002  -3.3070E-002   4.5679E-002   2.2236E-002   9.4965E-004  -4.0430E-003  -2.9840E-003   3.3097E-002   1.6732E-001  
 1.8407E+000  -1.8294E+000   1.8294E+000   1.7339E-001   7.0209E-003   6.0311E-012  -9.7879E-002   9.7879E-002  -1.0393E-001  -1.0393E-001   6.2213E-002  -1.9932E-012  -1.1319E-001   3.8105E-003  -6.7331E-014   3.8137E-002  -3.8137E-002   2.2568E-002   2.2568E-002   1.2776E-003  -1.2776E-003  -3.4363E-003   3.0369E-002   1.5420E-001  
 1.3921E+000  -1.9926E+000   1.4951E+000   1.8679E-001  -1.2930E-001   3.7635E-002  -6.3234E-002   8.4284E-002  -9.1940E-002  -3.4649E-002   9.3475E-002   2.7987E-002  -9.6171E-002   1.2690E-003   7.7943E-004   4.5701E-002  -3.4266E-002   7.1927E-003   1.9107E-002   5.4566E-004  -4.9666E-005  -5.6992E-003   2.6695E-002   1.6490E-001  
 1.0301E+000  -2.1032E+000   1.0531E+000   1.7916E-001  -1.5096E-001   1.1290E-001  -3.7593E-002   7.5090E-002  -6.7135E-002   1.2074E-002   1.1296E-001   5.1464E-002  -6.8862E-002   2.0745E-004   7.4579E-004   4.9769E-002  -2.4905E-002  -2.5392E-003   1.3970E-002   1.1482E-004   1.5935E-004  -8.7889E-003   2.2454E-002   1.5237E-001  
 7.9438E-001  -2.1672E+000   5.4095E-001   1.6781E-001  -9.4856E-002   1.7810E-001  -1.7457E-002   6.9972E-002  -3.5061E-002   3.8850E-002   1.2387E-001   6.6946E-002  -3.5681E-002  -2.9257E-004   4.3164E-004   5.2122E-002  -1.2989E-002  -8.1722E-003   7.3417E-003  -7.9253E-005   1.4734E-004  -1.0785E-002   1.9620E-002   1.3812E-001  
 7.1347E-001  -2.1879E+000   5.6715E-015   1.6294E-001  -2.8944E-015   2.0297E-001   4.9763E-015   6.8370E-002  -1.9058E-015   4.7460E-002   1.2733E-001   7.2299E-002  -5.6095E-016  -4.4995E-004  -4.4020E-016   5.2913E-002   2.5119E-015  -1.0010E-002  -2.9811E-015  -1.4456E-004  -6.9323E-016  -1.1444E-002   1.8661E-002   1.3703E-001  
 7.9438E-001  -2.1672E+000  -5.4095E-001   1.6781E-001   9.4856E-002   1.7810E-001   1.7457E-002   6.9972E-002   3.5061E-002   3.8850E-002   1.2387E-001   6.6946E-002   3.5681E-002  -2.9257E-004  -4.3164E-004   5.2122E-002   1.2989E-002  -8.1722E-003  -7.3417E-003  -7.9253E-005  -1.4734E-004  -1.0785E-002   1.9620E-002   1.3812E-001  
 1.0301E+000  -2.1032E+000  -1.0531E+000   1.7916E-001   1.5096E-001   1.1290E-001   3.7593E-002   7.5090E-002   6.7135E-002   1.2074E-002   1.1296E-001   5.1464E-002   6.8862E-002   2.0745E-004  -7.4579E-004   4.9769E-002   2.4905E-002  -2.5392E-003  -1.3970E-002   1.1482E-004  -1.5935E-004  -8.7889E-003   2.2454E-002   1.5237E-001  
 1.3921E+000  -1.9926E+000  -1.4951E+000   1.8679E-001   1.2930E-001   3.7635E-002   6.3234E-002   8.4284E-002   9.1940E-002  -3.4649E-002   9.3475E-002   2.7987E-002   9.6171E-002   1.2690E-003  -7.7943E-004   4.5701E-002   3.4266E-002   7.1927E-003  -1.9107E-002   5.4566E-004   4.9666E-005  -5.6992E-003   2.6695E-002   1.6490E-001  
 1.8407E+000  -1.8294E+000  -1.8294E+000   1.7339E-001  -7.0209E-003   6.0261E-012   9.7879E-002   9.7879E-002   1.0393E-001  -1.0393E-001   6.2213E-002  -1.9894E-012   1.1319E-001   3.8105E-003   6.5147E-014   3.8137E-002   3.8137E-002   2.2568E-002  -2.2568E-002   1.2776E-003   1.2776E-003  -3.4363E-003   3.0369E-002   1.5420E-001  
 2.3277E+000  -1.6037E+000  -2.0064E+000   1.1551E-001  -2.9496E-001   6.6610E-002   1.4675E-001   1.1725E-001   9.6832E-002  -1.9953E-001   1.5398E-002  -2.6063E-002   1.1512E-001   7.9844E-003   3.7854E-003   2.6361E-002   3.3070E-002   4.5679E-002  -2.2236E-002   9.4965E-004   4.0430E-003  -2.9840E-003   3.3097E-002   1.6732E-001  
 2.7907E+000  -1.3077E+000  -1.9627E+000  -1.4439E-002  -7.6260E-001   3.1823E-001   2.1546E-001   1.4353E-001   6.3282E-002  -3.2500E-001  -5.1263E-002  -4.0530E-002   9.7066E-002   1.1829E-002   1.1937E-002   9.9372E-003   1.5066E-002   7.6961E-002  -1.4998E-002  -1.2903E-003   6.0588E-003  -4.6936E-003   3.5087E-002   1.7980E-001  
 3.0587E+000  -1.0143E+000  -1.7759E+000  -3.5829E-001  -1.5505E+000   9.1454E-001   2.1244E-001   1.2143E-001  -5.5832E-003  -4.1122E-001  -1.8956E-001   1.9980E-003  -3.1797E-003   2.6969E-002   4.8837E-002  -3.5927E-002  -6.2823E-002   1.3174E-001   1.9164E-003  -6.0368E-003   9.8250E-003  -1.1570E-002   2.8960E-002   1.8355E-001  
 2.3277E+000  -2.0064E+000   1.6037E+000   1.1551E-001   2.9496E-001  -6.6610E-002  -1.1725E-001   1.4675E-001  -1.9953E-001  -9.6832E-002   1.5398E-002   2.6063E-002  -1.1512E-001   7.9844E-003   3.7854E-003   3.3070E-002  -2.6361E-002   2.2236E-002   4.5679E-002   4.0430E-003  -9.4965E-004  -2.9840E-003   3.3097E-002   1.6732E-001  
 1.9604E+000  -2.2264E+000   1.3352E+000   1.6448E-001   5.5517E-002  -2.9675E-002  -7.6717E-002   1.2796E-001  -1.6279E-001  -8.1335E-003   5.2448E-002   5.4474E-002  -1.0213E-001   2.5829E-003   3.8338E-003   4.4914E-002  -2.6892E-002   1.7544E-003   3.5615E-002   1.9780E-003   9.5338E-004  -2.8494E-003   3.1327E-002   1.5128E-001  
 1.6599E+000  -2.3764E+000   9.5103E-001   1.8233E-001  -4.2655E-002   4.4705E-002  -4.6018E-002   1.1505E-001  -1.1401E-001   5.2130E-002   7.5878E-002   7.8508E-002  -7.4893E-002  -1.1437E-004   2.8529E-003   5.1862E-002  -2.0715E-002  -1.1177E-002   2.4470E-002   4.3828E-004   1.3441E-003  -4.1989E-003   2.8942E-002   1.5954E-001  
 1.4627E+000  -2.4636E+000   4.9152E-001   1.8655E-001  -4.5477E-002   1.0937E-001  -2.1504E-002   1.0788E-001  -5.8435E-002   8.7129E-002   8.9157E-002   9.4628E-002  -3.9361E-002  -1.2432E-003   1.2959E-003   5.5898E-002  -1.1112E-002  -1.8280E-002   1.2249E-002  -4.3474E-004   6.7874E-004  -5.2235E-003   2.7304E-002   1.6435E-001  
 1.3947E+000  -2.4920E+000   7.4637E-015   1.8676E-001  -1.5454E-015   1.3403E-001   1.1983E-014   1.0554E-001  -5.2284E-015   9.8432E-002   9.3322E-002   1.0015E-001  -1.8648E-015  -1.4856E-003   3.1875E-015   5.7110E-002   1.1929E-014  -2.0554E-002  -9.3929E-015  -5.6067E-004   4.9583E-015  -5.7267E-003   2.6644E-002   1.6671E-001  
 1.4627E+000  -2.4636E+000  -4.9152E-001   1.8655E-001   4.5477E-002   1.0937E-001   2.1504E-002   1.0788E-001   5.8435E-002   8.7129E-002   8.9157E-002   9.4628E-002   3.9361E-002  -1.2432E-003  -1.2959E-003   5.5898E-002   1.1112E-002  -1.8280E-002  -1.2249E-002  -4.3474E-004  -6.7874E-004  -5.2235E-003   2.7304E-002   1.6435E-001  
 1.6599E+000  -2.3764E+000  -9.5103E-001   1.8233E-001   4.2655E-002   4.4705E-002   4.6018E-002   1.1505E-001   1.1401E-001   5.2130E-002   7.5878E-002   7.8508E-002   7.4893E-002  -1.1437E-004  -2.8529E-003   5.1862E-002   2.0715E-002  -1.1177E-002  -2.4470E-002   4.3828E-004  -1.3441E-003  -4.1989E-003   2.8942E-002   1.5954E-001  
 1.9604E+000  -2.2264E+000  -1.3352E+000   1.6448E-001  -5.5517E-002  -2.9675E-002   7.6717E-002   1.2796E-001   1.6279E-001  -8.1335E-003   5.2448E-002   5.4474E-002   1.0213E-001   2.5829E-003  -3.8338E-003   4.4914E-002   2.6892E-002   1.7544E-003  -3.5615E-002   1.9780E-003  -9.5338E-004  -2.8494E-003   3.1327E-002   1.5128E-001  
 2.3277E+000  -2.0064E+000  -1.6037E+000   1.1551E-001  -2.9496E-001  -6.6610E-002   1.1725E-001   1.4675E-001   1.9953E-001  -9.6832E-002   1.5398E-002   2.6063E-002   1.1512E-001   7.9844E-003  -3.7854E-003   3.3070E-002   2.6361E-002   2.2236E-002  -4.5679E-002   4.0430E-003   9.4965E-004  -2.9840E-003   3.3097E-002   1.6732E-001  
 2.7907E+000  -1.9627E+000   1.3077E+000  -1.4439E-002   7.6260E-001  -3.1823E-001  -1.4353E-001   2.1546E-001  -3.2500E-001  -6.3282E-002  -5.1263E-002   4.0530E-002  -9.7066E-002   1.1829E-002   1.1937E-002   1.5066E-002  -9.9372E-003   1.4998E-002   7.6961E-002   6.0588E-003   1.2903E-003  -4.6936E-003   3.5087E-002   1.7980E-001  
 2.5118E+000  -2.2494E+000   1.1246E+000   7.5417E-002   3.7821E-001  -2.8376E-001  -9.4794E-002   1.8965E-001  -2.5478E-001   4.6405E-002  -7.7662E-003   6.9265E-002  -9.2395E-002   3.3523E-003   1.1255E-002   3.0858E-002  -1.5349E-002  -1.0837E-002   5.9581E-002   3.5593E-003   3.7710E-003  -3.4625E-003   3.3847E-002   1.6977E-001  
 2.2793E+000  -2.4451E+000   8.1573E-001   1.2424E-001   1.5836E-001  -2.1100E-001  -5.7628E-002   1.7279E-001  -1.7526E-001   1.2116E-001   2.1032E-002   9.4572E-002  -7.1089E-002  -2.2071E-003   7.7663E-003   4.1902E-002  -1.3924E-002  -2.7538E-002   3.9831E-002   1.7706E-004   3.8379E-003  -2.7846E-003   3.2927E-002   1.6234E-001  
 2.1247E+000  -2.5596E+000   4.2571E-001   1.4714E-001   5.0428E-002  -1.4749E-001  -2.7110E-002   1.6318E-001  -8.8923E-002   1.6496E-001   3.7408E-002   1.1163E-001  -3.8229E-002  -4.7266E-003   3.7147E-003   4.8400E-002  -7.9910E-003  -3.6617E-002   1.9716E-002  -1.9044E-003   2.0770E-003  -2.5369E-003   3.2331E-002   1.5420E-001  
 2.0711E+000  -2.5969E+000  -9.5521E-015   1.5359E-001   5.1663E-015  -1.2326E-001  -9.2392E-015   1.6003E-001   1.5874E-014   1.7917E-001   4.2607E-002   1.1751E-001   1.8063E-015  -5.3905E-003  -7.3885E-015   5.0419E-002  -1.1174E-014  -3.9486E-002   6.4659E-015  -2.4949E-003  -8.8217E-015  -2.5078E-003   3.2086E-002   1.5053E-001  
 2.1247E+000  -2.5596E+000  -4.2571E-001   1.4714E-001  -5.0428E-002  -1.4749E-001   2.7110E-002   1.6318E-001   8.8923E-002   1.6496E-001   3.7408E-002   1.1163E-001   3.8229E-002  -4.7266E-003  -3.7147E-003   4.8400E-002   7.9910E-003  -3.6617E-002  -1.9716E-002  -1.9044E-003  -2.0770E-003  -2.5369E-003   3.2331E-002   1.5420E-001  
 2.2793E+000  -2.4451E+000  -8.1573E-001   1.2424E-001  -1.5836E-001  -2.1100E-001   5.7628E-002   1.7279E-001   1.7526E-001   1.2116E-001   2.1032E-002   9.4572E-002   7.1089E-002  -2.2071E-003  -7.7663E-003   4.1902E-002   1.3924E-002  -2.7538E-002  -3.9831E-002   1.7706E-004  -3.8379E-003  -2.7846E-003   3.2927E-002   1.6234E-001  
 2.5118E+000  -2.2494E+000  -1.1246E+000   7.5417E-002  -3.7821E-001  -2.8376E-001   9.4794E-002   1.8965E-001   2.5478E-001   4.6405E-002  -7.7662E-003   6.9265E-002   9.2395E-002   3.3523E-003  -1.1255E-002   3.0858E-002   1.5349E-002  -1.0837E-002  -5.9581E-002   3.5593E-003  -3.7710E-003  -3.4625E-003   3.3847E-002   1.6977E-001  
 2.7907E+000  -1.9627E+000  -1.3077E+000  -1.4439E-002  -7.6260E-001  -3.1823E-001   1.4353E-001   2.1546E-001   3.2500E-001  -6.3282E-002  -5.1263E-002   4.0530E-002   9.7066E-002   1.1829E-002  -1.1937E-002   1.5066E-002   9.9372E-003   1.4998E-002  -7.6961E-002   6.0588E-003  -1.2903E-003  -4.6936E-003   3.5087E-002   1.7980E-001  
 3.0587E+000  -1.7759E+000   1.0143E+000  -3.5829E-001   1.5505E+000  -9.1454E-001  -1.2143E-001   2.1244E-001  -4.1122E-001   5.5832E-003  -1.8956E-001  -1.9980E-003   3.1797E-003   2.6969E-002   4.8837E-002  -6.2823E-002   3.5927E-002  -1.9164E-003   1.3174E-001   9.8250E-003   6.0368E-003  -1.1570E-002   2.8960E-002   1.8355E-001  
 2.9849E+000  -1.9960E+000   8.5553E-001  -1.1711E-001   8.6407E-001  -8.2286E-001  -1.1681E-001   2.7254E-001  -3.6904E-001   1.3724E-001  -9.4271E-002   5.8252E-002  -6.1171E-002   1.3048E-003   2.5935E-002  -1.2984E-003   6.5120E-004  -3.4389E-002   9.2325E-002   4.0181E-003   8.2986E-003  -5.7427E-003   3.6361E-002   2.0344E-001  
 2.8267E+000  -2.2397E+000   6.4060E-001  -2.9255E-002   4.6690E-001  -7.4947E-001  -7.3160E-002   2.5592E-001  -2.5380E-001   2.2952E-001  -5.7656E-002   8.7499E-002  -5.4512E-002  -7.6768E-003   1.5830E-002   1.4963E-002  -4.2141E-003  -5.4430E-002   6.0225E-002  -1.1129E-003   6.2317E-003  -4.7186E-003   3.5284E-002   1.8123E-001  
 2.7160E+000  -2.3871E+000   3.4039E-001   1.3961E-002   2.0057E-001  -6.8907E-001  -3.4515E-002   2.4231E-001  -1.2753E-001   2.8193E-001  -3.8264E-002   1.0452E-001  -3.0429E-002  -1.2876E-002   8.2579E-003   2.2876E-002  -3.1982E-003  -6.6718E-002   3.0187E-002  -4.5196E-003   3.9189E-003  -4.2073E-003   3.4715E-002   1.7680E-001  
 2.6772E+000  -2.4352E+000   1.2310E-015   2.7176E-002  -1.8299E-015  -6.6587E-001  -5.0262E-015   2.3793E-001  -3.3073E-015   2.9897E-001  -3.2020E-002   1.1039E-001  -3.9979E-015  -1.4500E-002   1.7835E-015   2.5406E-002  -1.8076E-015  -7.0652E-002  -2.8248E-015  -5.7889E-003   1.9898E-015  -4.1223E-003   3.4483E-002   1.7632E-001  
 2.7160E+000  -2.3871E+000  -3.4039E-001   1.3961E-002  -2.0057E-001  -6.8907E-001   3.4515E-002   2.4231E-001   1.2753E-001   2.8193E-001  -3.8264E-002   1.0452E-001   3.0429E-002  -1.2876E-002  -8.2579E-003   2.2876E-002   3.1982E-003  -6.6718E-002  -3.0187E-002  -4.5196E-003  -3.9189E-003  -4.2073E-003   3.4715E-002   1.7680E-001  
 2.8267E+000  -2.2397E+000  -6.4060E-001  -2.9255E-002  -4.6690E-001  -7.4947E-001   7.3160E-002   2.5592E-001   2.5380E-001   2.2952E-001  -5.7656E-002   8.7499E-002   5.4512E-002  -7.6768E-003  -1.5830E-002   1.4963E-002   4.2141E-003  -5.4430E-002  -6.0225E-002  -1.1129E-003  -6.2317E-003  -4.7186E-003   3.5284E-002   1.8123E-001  
 2.9849E+000  -1.9960E+000  -8.5553E-001  -1.1711E-001  -8.6407E-001  -8.2286E-001   1.1681E-001   2.7254E-001   3.6904E-001   1.3724E-001  -9.4271E-002   5.8252E-002   6.1171E-002   1.3048E-003  -2.5935E-002  -1.2984E-003  -6.5120E-004  -3.4389E-002  -9.2325E-002   4.0181E-003  -8.2986E-003  -5.7427E-003   3.6361E-002   2.0344E-001  
 3.0587E+000  -1.7759E+000  -1.0143E+000  -3.5829E-001  -1.5505E+000  -9.1454E-001   1.2143E-001   2.1244E-001   4.1122E-001   5.5832E-003  -1.8956E-001  -1.9980E-003  -3.1797E-003   2.6969E-002  -4.8837E-002  -6.2823E-002  -3.5927E-002  -1.9164E-003  -1.3174E-001   9.8250E-003  -6.0368E-003  -1.1570E-002   2.8960E-002   1.8355E-001  
