-8.9170E-001   1.3518E-016   5.4721E-015  -4.6229E-002   6.8601E-017   2.3194E-011   3.8396E-015  -1.1562E-017  -4.6760E-015  -1.8560E-016   8.4648E-002  -8.4133E-013   2.9064E-017  -4.7074E-006  -5.0238E-017  -4.6897E-017   4.4774E-015   1.7226E-016  -5.4054E-015   2.6286E-017   4.5954E-015  -2.4737E-002   2.0546E-003   7.0738E-003  
-7.0801E-001  -6.4261E-001   4.2306E-016  -2.0664E-002  -1.9053E-015   5.1665E-002  -2.2570E-015  -2.1280E-002   1.9845E-015   1.8250E-003   8.0197E-002   5.7112E-003   6.0925E-016  -1.3343E-005  -6.0216E-016   7.3558E-003  -2.4636E-015  -4.0991E-004   1.8488E-015  -4.5745E-006  -2.5726E-015  -2.3711E-002   3.1328E-003   2.3327E-002  
-7.0801E-001  -3.2130E-001  -5.5651E-001  -2.0664E-002   4.4748E-002  -2.5833E-002  -1.8430E-002  -1.0641E-002   2.8847E-006  -1.8300E-003   8.0198E-002  -2.8552E-003   4.9528E-003  -1.9291E-006   6.6288E-006   3.6775E-003   6.3694E-003   4.0589E-004   1.9991E-006  -2.2549E-006  -2.5439E-006  -2.3710E-002   3.1348E-003   2.2176E-002  
-7.0801E-001   3.2130E-001  -5.5651E-001  -2.0664E-002  -4.4748E-002  -2.5833E-002  -1.8430E-002   1.0641E-002   2.8839E-006   1.8300E-003   8.0198E-002  -2.8552E-003  -4.9528E-003  -1.9291E-006  -6.6288E-006  -3.6775E-003   6.3694E-003  -4.0589E-004   1.9993E-006   2.2548E-006  -2.5439E-006  -2.3710E-002   3.1348E-003   2.2176E-002  
-7.0801E-001   6.4261E-001  -9.8728E-008  -2.0664E-002  -1.5829E-008   5.1665E-002  -3.2177E-009   2.1280E-002   8.0782E-010  -1.8250E-003   8.0197E-002   5.7112E-003  -1.7418E-009  -1.3343E-005  -1.1778E-012  -7.3558E-003   1.1180E-009   4.0991E-004  -1.7657E-010   4.5745E-006   3.8953E-011  -2.3711E-002   3.1328E-003   2.3327E-002  
-7.0801E-001   3.2130E-001   5.5651E-001  -2.0664E-002   4.4748E-002  -2.5833E-002   1.8430E-002   1.0641E-002  -2.8856E-006   1.8300E-003   8.0198E-002  -2.8552E-003   4.9528E-003  -1.9292E-006   6.6287E-006  -3.6775E-003  -6.3694E-003  -4.0589E-004  -1.9990E-006   2.2548E-006   2.5440E-006  -2.3710E-002   3.1348E-003   2.2176E-002  
-7.0801E-001  -3.2130E-001   5.5651E-001  -2.0664E-002  -4.4748E-002  -2.5833E-002   1.8430E-002  -1.0641E-002  -2.8830E-006  -1.8300E-003   8.0198E-002  -2.8552E-003  -4.9528E-003  -1.9291E-006  -6.6288E-006   3.6775E-003  -6.3694E-003   4.0589E-004  -1.9996E-006  -2.2549E-006   2.5440E-006  -2.3710E-002   3.1348E-003   2.2176E-002  
-4.8041E-002  -1.3004E+000   1.5225E-015   5.6511E-002   5.1132E-015   1.8930E-001  -8.2338E-016  -3.5228E-002  -1.6151E-015   2.1320E-002   6.0469E-002   2.3424E-002  -9.0901E-016  -2.2868E-004   2.0773E-015   1.1681E-002   1.1970E-015  -4.5523E-003  -7.2683E-016  -5.4898E-005   6.4769E-016  -1.9892E-002   8.4929E-003   6.2042E-002  
-4.8082E-002  -6.5015E-001  -1.1261E+000   5.6502E-002   1.6395E-001  -9.4649E-002  -3.0507E-002  -1.7614E-002   3.3911E-006  -2.1332E-002   6.0471E-002  -1.1711E-002   2.0311E-002   1.0450E-004   1.9735E-004   5.8347E-003   1.0116E-002   4.5385E-003   3.7216E-006  -2.5693E-005   3.0685E-005  -1.9899E-002   8.5108E-003   5.9570E-002  
-4.8082E-002   6.5015E-001  -1.1261E+000   5.6502E-002  -1.6395E-001  -9.4650E-002  -3.0507E-002   1.7614E-002   3.3812E-006   2.1332E-002   6.0471E-002  -1.1711E-002  -2.0311E-002   1.0450E-004  -1.9735E-004  -5.8347E-003   1.0116E-002  -4.5385E-003   3.7238E-006   2.5693E-005   3.0685E-005  -1.9899E-002   8.5108E-003   5.9570E-002  
-4.8041E-002   1.3004E+000  -1.9990E-007   5.6511E-002  -5.8129E-008   1.8930E-001  -5.4547E-009   3.5228E-002   9.8141E-009  -2.1320E-002   6.0469E-002   2.3424E-002  -7.2391E-009  -2.2868E-004   1.9979E-010  -1.1681E-002   1.8309E-009   4.5523E-003  -2.1525E-009   5.4898E-005  -3.3566E-011  -1.9892E-002   8.4929E-003   6.2042E-002  
-4.8082E-002   6.5015E-001   1.1261E+000   5.6502E-002   1.6395E-001  -9.4649E-002   3.0507E-002   1.7614E-002  -3.4008E-006   2.1332E-002   6.0471E-002  -1.1711E-002   2.0311E-002   1.0450E-004   1.9735E-004  -5.8347E-003  -1.0116E-002  -4.5385E-003  -3.7195E-006   2.5693E-005  -3.0685E-005  -1.9899E-002   8.5108E-003   5.9570E-002  
-4.8082E-002  -6.5015E-001   1.1261E+000   5.6502E-002  -1.6395E-001  -9.4650E-002   3.0507E-002  -1.7614E-002  -3.3714E-006  -2.1332E-002   6.0471E-002  -1.1711E-002  -2.0311E-002   1.0450E-004  -1.9735E-004   5.8347E-003  -1.0116E-002   4.5385E-003  -3.7259E-006  -2.5693E-005  -3.0685E-005  -1.9899E-002   8.5108E-003   5.9570E-002  
 7.5449E-001  -1.6100E+000   3.3165E-015   1.0609E-001   3.3349E-015   2.0900E-001  -1.1718E-015  -2.0278E-002  -2.5946E-015   7.3818E-002   2.4297E-002   3.5379E-002  -1.4675E-015  -1.6885E-003  -4.5575E-016   6.6422E-003   7.5193E-016  -1.5744E-002  -4.5935E-016  -6.4525E-004   2.4612E-015  -1.5022E-002   1.5271E-002   8.5020E-002  
 7.5430E-001  -8.0495E-001  -1.3943E+000   1.0606E-001   1.8102E-001  -1.0451E-001  -1.7593E-002  -1.0154E-002   2.8165E-006  -7.3804E-002   2.4248E-002  -1.7679E-002   3.0667E-002   8.5989E-004   1.4915E-003   3.2947E-003   5.7181E-003   1.5739E-002   1.4843E-005  -3.2901E-004   5.5701E-004  -1.5059E-002   1.5257E-002   8.4657E-002  
 7.5430E-001   8.0495E-001  -1.3943E+000   1.0606E-001  -1.8102E-001  -1.0451E-001  -1.7593E-002   1.0154E-002   2.7823E-006   7.3804E-002   2.4248E-002  -1.7679E-002  -3.0667E-002   8.5989E-004  -1.4915E-003  -3.2947E-003   5.7181E-003  -1.5739E-002   1.4850E-005   3.2901E-004   5.5701E-004  -1.5059E-002   1.5257E-002   8.4657E-002  
 7.5449E-001   1.6100E+000  -2.4718E-007   1.0609E-001  -6.4292E-008   2.0900E-001  -3.0818E-009   2.0278E-002   3.4192E-008  -7.3818E-002   2.4297E-002   3.5379E-002  -1.1082E-008  -1.6885E-003   8.0723E-010  -6.6422E-003   1.1873E-009   1.5744E-002  -7.0639E-009   6.4525E-004  -3.0083E-010  -1.5022E-002   1.5271E-002   8.5020E-002  
 7.5430E-001   8.0495E-001   1.3943E+000   1.0606E-001   1.8102E-001  -1.0451E-001   1.7593E-002   1.0154E-002  -2.8506E-006   7.3804E-002   2.4248E-002  -1.7679E-002   3.0667E-002   8.5989E-004   1.4915E-003  -3.2947E-003  -5.7181E-003  -1.5739E-002  -1.4836E-005   3.2901E-004  -5.5701E-004  -1.5059E-002   1.5257E-002   8.4657E-002  
 7.5430E-001  -8.0495E-001   1.3943E+000   1.0606E-001  -1.8102E-001  -1.0451E-001   1.7593E-002  -1.0154E-002  -2.7481E-006  -7.3804E-002   2.4248E-002  -1.7679E-002  -3.0667E-002   8.5988E-004  -1.4915E-003   3.2947E-003  -5.7181E-003   1.5739E-002  -1.4857E-005  -3.2901E-004  -5.5701E-004  -1.5059E-002   1.5257E-002   8.4657E-002  
 1.3903E+000  -1.5758E+000  -1.2016E-015   8.2839E-002  -4.8268E-015   1.9901E-002   6.6627E-015   1.9932E-002  -4.6473E-015   1.5026E-001  -2.3327E-002   2.6640E-002   5.5076E-016  -6.3377E-003   2.6243E-015  -1.0056E-002   1.9137E-014  -3.4165E-002  -7.0700E-015  -2.5045E-003   9.1210E-015  -1.3971E-002   1.8232E-002   8.6508E-002  
 1.3900E+000  -7.8789E-001  -1.3648E+000   8.2879E-002   1.7389E-002  -1.0059E-002   1.7283E-002   9.9415E-003  -5.1353E-005  -1.5024E-001  -2.3325E-002  -1.3366E-002   2.3117E-002   3.2191E-003   5.4955E-003  -5.0682E-003  -8.6553E-003   3.4106E-002  -1.9592E-005  -1.2753E-003   2.2053E-003  -1.3968E-002   1.8266E-002   8.7357E-002  
 1.3900E+000   7.8789E-001  -1.3648E+000   8.2879E-002  -1.7389E-002  -1.0059E-002   1.7283E-002  -9.9415E-003  -5.1423E-005   1.5024E-001  -2.3325E-002  -1.3366E-002  -2.3117E-002   3.2191E-003  -5.4955E-003   5.0682E-003  -8.6553E-003  -3.4106E-002  -1.9578E-005   1.2753E-003   2.2053E-003  -1.3968E-002   1.8266E-002   8.7357E-002  
 1.3903E+000   1.5758E+000  -2.4145E-007   8.2839E-002  -7.1365E-009   1.9901E-002   3.5991E-009  -1.9932E-002   7.0432E-008  -1.5026E-001  -2.3327E-002   2.6640E-002  -9.4377E-009  -6.3377E-003   2.6369E-009   1.0056E-002  -8.4970E-010   3.4165E-002  -1.4399E-008   2.5045E-003  -1.0704E-009  -1.3971E-002   1.8232E-002   8.6508E-002  
 1.3900E+000   7.8789E-001   1.3648E+000   8.2879E-002   1.7389E-002  -1.0058E-002  -1.7283E-002  -9.9415E-003   5.1282E-005   1.5024E-001  -2.3325E-002  -1.3366E-002   2.3117E-002   3.2191E-003   5.4955E-003   5.0682E-003   8.6553E-003  -3.4106E-002   1.9606E-005   1.2753E-003  -2.2053E-003  -1.3968E-002   1.8266E-002   8.7357E-002  
 1.3900E+000  -7.8788E-001   1.3648E+000   8.2879E-002  -1.7389E-002  -1.0059E-002  -1.7283E-002   9.9414E-003   5.1493E-005  -1.5024E-001  -2.3325E-002  -1.3366E-002  -2.3117E-002   3.2191E-003  -5.4955E-003  -5.0682E-003   8.6553E-003   3.4106E-002   1.9563E-005  -1.2753E-003  -2.2053E-003  -1.3968E-002   1.8266E-002   8.7357E-002  
 1.7386E+000  -1.4070E+000   6.4385E-015   2.7393E-002  -5.2997E-015  -2.2250E-001   1.0610E-014   6.0055E-002  -6.7512E-015   2.1570E-001  -6.2168E-002   7.9719E-003  -6.0504E-015  -1.0785E-002   8.0579E-015  -2.7322E-002   2.0707E-014  -4.9800E-002  -1.6441E-014  -3.4207E-003   1.2134E-014  -1.4679E-002   1.9389E-002   9.2667E-002  
 1.7382E+000  -7.0357E-001  -1.2188E+000   2.7408E-002  -1.9237E-001   1.1111E-001   5.1992E-002   3.0005E-002  -3.0803E-005  -2.1562E-001  -6.2178E-002  -3.9951E-003   6.9659E-003   5.4383E-003   9.3827E-003  -1.3702E-002  -2.3652E-002   4.9768E-002   2.3381E-005  -1.7250E-003   2.9527E-003  -1.4760E-002   1.9402E-002   9.7760E-002  
 1.7382E+000   7.0357E-001  -1.2188E+000   2.7408E-002   1.9237E-001   1.1111E-001   5.1992E-002  -3.0005E-002  -3.0904E-005   2.1562E-001  -6.2178E-002  -3.9951E-003  -6.9659E-003   5.4383E-003  -9.3827E-003   1.3702E-002  -2.3652E-002  -4.9768E-002   2.3402E-005   1.7250E-003   2.9527E-003  -1.4760E-002   1.9402E-002   9.7760E-002  
 1.7386E+000   1.4070E+000  -2.1486E-007   2.7393E-002   6.6309E-008  -2.2250E-001   1.0495E-008  -6.0055E-002   1.0172E-007  -2.1570E-001  -6.2168E-002   7.9719E-003  -4.9538E-009  -1.0785E-002   4.7541E-009   2.7322E-002  -2.5881E-009   4.9800E-002  -2.0812E-008   3.4207E-003  -1.8974E-009  -1.4679E-002   1.9389E-002   9.2667E-002  
 1.7382E+000   7.0357E-001   1.2188E+000   2.7408E-002  -1.9237E-001   1.1111E-001  -5.1992E-002  -3.0005E-002   3.0701E-005   2.1562E-001  -6.2178E-002  -3.9951E-003   6.9659E-003   5.4383E-003   9.3827E-003   1.3702E-002   2.3652E-002  -4.9768E-002  -2.3361E-005   1.7250E-003  -2.9527E-003  -1.4760E-002   1.9402E-002   9.7760E-002  
 1.7382E+000  -7.0357E-001   1.2188E+000   2.7408E-002   1.9237E-001   1.1111E-001  -5.1992E-002   3.0005E-002   3.1006E-005  -2.1562E-001  -6.2178E-002  -3.9951E-003  -6.9659E-003   5.4383E-003  -9.3827E-003  -1.3702E-002   2.3652E-002   4.9768E-002  -2.3423E-005  -1.7250E-003  -2.9527E-003  -1.4760E-002   1.9402E-002   9.7760E-002  
 1.6753E+000  -1.0242E+000  -1.0242E+000   4.0624E-002  -1.6812E-001  -1.3317E-011   3.6358E-002   3.6358E-002   1.4282E-001  -1.4282E-001  -5.4225E-002  -8.8678E-013   1.2445E-002   9.9653E-003   3.8230E-012  -1.6703E-002  -1.6703E-002   3.2966E-002  -3.2966E-002   2.3483E-003   2.3483E-003  -1.4494E-002   1.9210E-002   9.0159E-002  
 1.6753E+000   1.0242E+000  -1.0242E+000   4.0624E-002   1.6812E-001  -1.3319E-011   3.6358E-002  -3.6358E-002   1.4282E-001   1.4282E-001  -5.4225E-002  -8.8671E-013  -1.2445E-002   9.9653E-003  -3.8188E-012   1.6703E-002  -1.6703E-002  -3.2966E-002  -3.2966E-002  -2.3483E-003   2.3483E-003  -1.4494E-002   1.9210E-002   9.0159E-002  
 1.6753E+000   1.0242E+000   1.0242E+000   4.0624E-002  -1.6812E-001  -1.3321E-011  -3.6358E-002  -3.6358E-002  -1.4282E-001   1.4282E-001  -5.4225E-002  -8.8524E-013   1.2445E-002   9.9653E-003   3.8246E-012   1.6703E-002   1.6703E-002  -3.2966E-002   3.2966E-002  -2.3483E-003  -2.3483E-003  -1.4494E-002   1.9210E-002   9.0159E-002  
 1.6753E+000  -1.0242E+000   1.0242E+000   4.0624E-002   1.6812E-001  -1.3320E-011  -3.6358E-002   3.6358E-002  -1.4282E-001  -1.4282E-001  -5.4225E-002  -8.8468E-013  -1.2445E-002   9.9653E-003  -3.8265E-012  -1.6703E-002   1.6703E-002   3.2966E-002   3.2966E-002   2.3483E-003  -2.3483E-003  -1.4494E-002   1.9210E-002   9.0159E-002  
