-7.9702E-001   6.3408E-017   2.7404E-015   5.5049E-003   7.7523E-017   3.8493E-011   2.9834E-015  -8.0099E-017  -3.7270E-015  -4.3335E-017   1.7471E-001  -2.5551E-012   7.0384E-018  -1.0133E-005  -6.7334E-017   1.9050E-017   5.6032E-015   1.0776E-016  -4.2688E-015   4.2639E-017   4.3196E-015  -2.1950E-002   3.3761E-003   1.3452E-002  
-5.2345E-001  -9.8498E-001  -6.0060E-016   4.1532E-002  -3.4626E-015   6.1879E-002  -1.2903E-015   2.0483E-002   2.3850E-015   2.8240E-003   1.6803E-001   1.3725E-002   4.0742E-016  -1.9920E-005  -6.2970E-016   2.5685E-002  -1.5343E-015  -6.3331E-004   2.9888E-016  -9.0467E-006  -2.2921E-015  -2.0200E-002   5.5007E-003   4.5741E-002  
-5.2345E-001  -4.9249E-001  -8.5302E-001   4.1533E-002   5.3597E-002  -3.0940E-002   1.7738E-002   1.0240E-002   5.7495E-006  -2.8341E-003   1.6803E-001  -6.8621E-003   1.1898E-002  -8.1034E-006   6.7550E-006   1.2841E-002   2.2242E-002   6.2317E-004   5.4266E-006  -4.4465E-006  -5.6022E-006  -2.0198E-002   5.5044E-003   4.3565E-002  
-5.2345E-001   4.9249E-001  -8.5302E-001   4.1533E-002  -5.3597E-002  -3.0940E-002   1.7738E-002  -1.0240E-002   5.7483E-006   2.8341E-003   1.6803E-001  -6.8621E-003  -1.1898E-002  -8.1035E-006  -6.7550E-006  -1.2841E-002   2.2242E-002  -6.2317E-004   5.4269E-006   4.4464E-006  -5.6022E-006  -2.0198E-002   5.5044E-003   4.3565E-002  
-5.2345E-001   9.8498E-001  -1.5133E-007   4.1532E-002  -1.8944E-008   6.1879E-002   3.2274E-009  -2.0483E-002   1.2598E-009  -2.8240E-003   1.6803E-001   1.3725E-002  -4.1910E-009  -1.9921E-005  -2.5898E-012  -2.5685E-002   3.9377E-009   6.3331E-004  -2.7101E-010   9.0467E-006   6.8832E-011  -2.0200E-002   5.5007E-003   4.5741E-002  
-5.2345E-001   4.9249E-001   8.5302E-001   4.1533E-002   5.3597E-002  -3.0940E-002  -1.7738E-002  -1.0240E-002  -5.7509E-006   2.8341E-003   1.6803E-001  -6.8621E-003   1.1898E-002  -8.1036E-006   6.7549E-006  -1.2841E-002  -2.2242E-002  -6.2317E-004  -5.4264E-006   4.4463E-006   5.6023E-006  -2.0198E-002   5.5044E-003   4.3565E-002  
-5.2345E-001  -4.9249E-001   8.5302E-001   4.1533E-002  -5.3597E-002  -3.0940E-002  -1.7738E-002   1.0240E-002  -5.7469E-006  -2.8341E-003   1.6803E-001  -6.8621E-003  -1.1898E-002  -8.1035E-006  -6.7549E-006   1.2841E-002  -2.2242E-002   6.2317E-004  -5.4275E-006  -4.4466E-006   5.6023E-006  -2.0198E-002   5.5044E-003   4.3565E-002  
 4.4361E-001  -2.0149E+000  -2.2990E-015   1.4349E-001   4.2418E-015   1.9601E-001  -4.8999E-015   5.6783E-002  -1.7676E-015   3.3226E-002   1.3806E-001   6.0141E-002  -1.0378E-016  -2.7026E-004   5.9739E-015   4.9596E-002  -2.4892E-015  -7.0639E-003   3.5594E-015  -8.8139E-005   8.2268E-016  -1.3543E-002   1.5569E-002   1.1793E-001  
 4.4355E-001  -1.0074E+000  -1.7449E+000   1.4348E-001   1.6979E-001  -9.8007E-002   4.9175E-002   2.8388E-002   7.7125E-006  -3.3251E-002   1.3806E-001  -3.0069E-002   5.2129E-002   1.1620E-004   2.3182E-004   2.4787E-002   4.2950E-002   7.0321E-003   1.0755E-005  -4.1262E-005   4.1463E-005  -1.3553E-002   1.5603E-002   1.1332E-001  
 4.4355E-001   1.0074E+000  -1.7449E+000   1.4348E-001  -1.6979E-001  -9.8007E-002   4.9175E-002  -2.8388E-002   7.6971E-006   3.3251E-002   1.3806E-001  -3.0069E-002  -5.2129E-002   1.1620E-004  -2.3182E-004  -2.4787E-002   4.2950E-002  -7.0321E-003   1.0758E-005   4.1262E-005   4.1463E-005  -1.3553E-002   1.5603E-002   1.1332E-001  
 4.4361E-001   2.0149E+000  -3.0976E-007   1.4349E-001  -6.0190E-008   1.9601E-001   8.6636E-009  -5.6783E-002   1.5299E-008  -3.3226E-002   1.3806E-001   6.0141E-002  -1.8520E-008  -2.7026E-004   2.5410E-010  -4.9596E-002   7.6599E-009   7.0639E-003  -3.3291E-009   8.8139E-005  -5.2980E-011  -1.3543E-002   1.5569E-002   1.1793E-001  
 4.4355E-001   1.0074E+000   1.7449E+000   1.4348E-001   1.6979E-001  -9.8007E-002  -4.9175E-002  -2.8388E-002  -7.7277E-006   3.3251E-002   1.3806E-001  -3.0069E-002   5.2129E-002   1.1620E-004   2.3182E-004  -2.4787E-002  -4.2950E-002  -7.0321E-003  -1.0751E-005   4.1262E-005  -4.1464E-005  -1.3553E-002   1.5603E-002   1.1332E-001  
 4.4355E-001  -1.0074E+000   1.7449E+000   1.4348E-001  -1.6979E-001  -9.8007E-002  -4.9175E-002   2.8388E-002  -7.6818E-006  -3.3251E-002   1.3806E-001  -3.0069E-002  -5.2129E-002   1.1620E-004  -2.3182E-004   2.4787E-002  -4.2950E-002   7.0321E-003  -1.0761E-005  -4.1262E-005  -4.1463E-005  -1.3553E-002   1.5603E-002   1.1332E-001  
 1.5722E+000  -2.5408E+000   2.3818E-015   1.8477E-001  -1.0666E-015   8.9106E-002  -1.0235E-015   1.1748E-001  -7.0890E-015   1.1585E-001   8.1965E-002   1.0580E-001  -3.1210E-015  -2.3418E-003   5.0481E-015   5.6342E-002   1.2230E-015  -2.4696E-002  -5.2787E-016  -1.1224E-003   7.1573E-015  -4.7432E-003   2.8143E-002   1.6060E-001  
 1.5720E+000  -1.2703E+000  -2.2004E+000   1.8474E-001   7.7236E-002  -4.4558E-002   1.0167E-001   5.8697E-002   8.2255E-006  -1.1583E-001   8.1869E-002  -5.2884E-002   9.1675E-002   1.2004E-003   2.0826E-003   2.8125E-002   4.8734E-002   2.4687E-002   2.9067E-005  -5.7264E-004   9.6555E-004  -4.8054E-003   2.8111E-002   1.5941E-001  
 1.5720E+000   1.2703E+000  -2.2004E+000   1.8474E-001  -7.7236E-002  -4.4558E-002   1.0167E-001  -5.8697E-002   8.1718E-006   1.1583E-001   8.1869E-002  -5.2884E-002  -9.1675E-002   1.2004E-003  -2.0826E-003  -2.8125E-002   4.8734E-002  -2.4687E-002   2.9078E-005   5.7264E-004   9.6555E-004  -4.8054E-003   2.8111E-002   1.5941E-001  
 1.5722E+000   2.5408E+000  -3.9009E-007   1.8477E-001  -2.7599E-008   8.9106E-002   1.8185E-008  -1.1748E-001   5.3688E-008  -1.1585E-001   8.1965E-002   1.0580E-001  -3.2788E-008  -2.3418E-003   9.9801E-010  -5.6342E-002   8.8768E-009   2.4696E-002  -1.0948E-008   1.1224E-003  -5.0182E-010  -4.7432E-003   2.8143E-002   1.6060E-001  
 1.5720E+000   1.2703E+000   2.2004E+000   1.8474E-001   7.7236E-002  -4.4558E-002  -1.0167E-001  -5.8697E-002  -8.2791E-006   1.1583E-001   8.1869E-002  -5.2884E-002   9.1675E-002   1.2004E-003   2.0826E-003  -2.8125E-002  -4.8734E-002  -2.4687E-002  -2.9056E-005   5.7264E-004  -9.6555E-004  -4.8054E-003   2.8111E-002   1.5941E-001  
 1.5720E+000  -1.2703E+000   2.2004E+000   1.8474E-001  -7.7236E-002  -4.4558E-002  -1.0167E-001   5.8697E-002  -8.1182E-006  -1.1583E-001   8.1869E-002  -5.2884E-002  -9.1675E-002   1.2004E-003  -2.0826E-003   2.8125E-002  -4.8734E-002   2.4687E-002  -2.9089E-005  -5.7264E-004  -9.6555E-004  -4.8054E-003   2.8111E-002   1.5941E-001  
 2.4038E+000  -2.5502E+000   7.4198E-015   1.0052E-001  -6.0331E-015  -3.6790E-001   1.4722E-014   1.9739E-001  -8.2626E-015   2.3639E-001   6.4001E-003   1.1728E-001   1.1474E-015  -9.8906E-003   6.8348E-015   3.9367E-002   2.9373E-014  -5.4670E-002  -1.7685E-014  -4.5502E-003   1.6777E-014  -3.0895E-003   3.3385E-002   1.6516E-001  
 2.4035E+000  -1.2751E+000  -2.2086E+000   1.0061E-001  -3.1826E-001   1.8376E-001   1.7100E-001   9.8643E-002  -8.9123E-005  -2.3635E-001   6.4085E-003  -5.8724E-002   1.0163E-001   5.0396E-003   8.5790E-003   1.9601E-002   3.4179E-002   5.4562E-002  -3.7718E-005  -2.3181E-003   4.0064E-003  -3.0840E-003   3.3452E-002   1.6712E-001  
 2.4035E+000   1.2751E+000  -2.2086E+000   1.0061E-001   3.1826E-001   1.8376E-001   1.7100E-001  -9.8643E-002  -8.9234E-005   2.3635E-001   6.4085E-003  -5.8724E-002  -1.0163E-001   5.0396E-003  -8.5790E-003  -1.9601E-002   3.4179E-002  -5.4562E-002  -3.7695E-005   2.3181E-003   4.0064E-003  -3.0840E-003   3.3452E-002   1.6712E-001  
 2.4038E+000   2.5502E+000  -3.9066E-007   1.0052E-001   1.1099E-007  -3.6790E-001   3.1490E-008  -1.9739E-001   1.1119E-007  -2.3639E-001   6.4001E-003   1.1728E-001  -3.8234E-008  -9.8906E-003   3.6553E-009  -3.9367E-002   7.2411E-009   5.4670E-002  -2.2506E-008   4.5502E-003  -1.8340E-009  -3.0895E-003   3.3385E-002   1.6516E-001  
 2.4035E+000   1.2751E+000   2.2086E+000   1.0061E-001  -3.1826E-001   1.8376E-001  -1.7100E-001  -9.8643E-002   8.9012E-005   2.3635E-001   6.4085E-003  -5.8724E-002   1.0163E-001   5.0396E-003   8.5790E-003  -1.9601E-002  -3.4179E-002  -5.4562E-002   3.7740E-005   2.3181E-003  -4.0064E-003  -3.0840E-003   3.3452E-002   1.6712E-001  
 2.4035E+000  -1.2751E+000   2.2086E+000   1.0061E-001   3.1826E-001   1.8376E-001  -1.7100E-001   9.8643E-002   8.9345E-005  -2.3635E-001   6.4085E-003  -5.8724E-002  -1.0163E-001   5.0396E-003  -8.5790E-003   1.9601E-002  -3.4179E-002   5.4562E-002   3.7673E-005  -2.3181E-003  -4.0064E-003  -3.0840E-003   3.3452E-002   1.6712E-001  
 2.8184E+000  -2.3365E+000   2.3206E-014  -2.5851E-002  -5.5621E-015  -8.6974E-001   1.4732E-014   2.6435E-001  -1.2521E-014   3.3957E-001  -5.6169E-002   1.0345E-001  -6.0640E-015  -1.7284E-002   1.0208E-014   1.5984E-002   2.3414E-014  -8.0519E-002  -2.4789E-014  -6.2826E-003   1.9829E-014  -4.7526E-003   3.5166E-002   1.7659E-001  
 2.8179E+000  -1.1683E+000  -2.0238E+000  -2.5786E-002  -7.5255E-001   4.3463E-001   2.2892E-001   1.3213E-001  -4.3762E-005  -3.3946E-001  -5.6195E-002  -5.1739E-002   8.9684E-002   8.7258E-003   1.5045E-002   7.9146E-003   1.3854E-002   8.0460E-002   3.6385E-005  -3.1696E-003   5.4218E-003  -4.8895E-003   3.5199E-002   1.8687E-001  
 2.8179E+000   1.1683E+000  -2.0238E+000  -2.5786E-002   7.5255E-001   4.3463E-001   2.2892E-001  -1.3213E-001  -4.3923E-005   3.3946E-001  -5.6195E-002  -5.1739E-002  -8.9684E-002   8.7258E-003  -1.5045E-002  -7.9146E-003   1.3854E-002  -8.0460E-002   3.6418E-005   3.1697E-003   5.4218E-003  -4.8895E-003   3.5199E-002   1.8687E-001  
 2.8184E+000   2.3365E+000  -3.5655E-007  -2.5851E-002   2.6307E-007  -8.6974E-001   4.3229E-008  -2.6435E-001   1.6099E-007  -3.3957E-001  -5.6169E-002   1.0345E-001  -3.6381E-008  -1.7284E-002   6.9321E-009  -1.5984E-002   5.3064E-009   8.0519E-002  -3.2796E-008   6.2826E-003  -3.3267E-009  -4.7526E-003   3.5166E-002   1.7659E-001  
 2.8179E+000   1.1683E+000   2.0238E+000  -2.5786E-002  -7.5255E-001   4.3463E-001  -2.2892E-001  -1.3213E-001   4.3601E-005   3.3946E-001  -5.6195E-002  -5.1739E-002   8.9684E-002   8.7258E-003   1.5045E-002  -7.9146E-003  -1.3854E-002  -8.0460E-002  -3.6352E-005   3.1696E-003  -5.4218E-003  -4.8895E-003   3.5199E-002   1.8687E-001  
 2.8179E+000  -1.1683E+000   2.0238E+000  -2.5786E-002   7.5255E-001   4.3463E-001  -2.2892E-001   1.3213E-001   4.4084E-005  -3.3946E-001  -5.6195E-002  -5.1739E-002  -8.9684E-002   8.7258E-003  -1.5045E-002   7.9146E-003  -1.3854E-002   8.0460E-002  -3.6451E-005  -3.1697E-003  -5.4218E-003  -4.8895E-003   3.5199E-002   1.8687E-001  
 2.7461E+000  -1.6907E+000  -1.6907E+000   3.0625E-003  -7.5988E-001  -2.3527E-011   1.7707E-001   1.7707E-001   2.2480E-001  -2.2480E-001  -4.3328E-002  -1.2921E-012   1.0757E-001   1.5941E-002   5.8545E-012   1.5002E-002   1.5002E-002   5.3213E-002  -5.3213E-002   4.3100E-003   4.3100E-003  -4.3222E-003   3.4916E-002   1.7250E-001  
 2.7461E+000   1.6907E+000  -1.6907E+000   3.0625E-003   7.5988E-001  -2.3532E-011   1.7707E-001  -1.7707E-001   2.2480E-001   2.2480E-001  -4.3328E-002  -1.2911E-012  -1.0757E-001   1.5941E-002  -5.8488E-012  -1.5002E-002   1.5002E-002  -5.3213E-002  -5.3213E-002  -4.3100E-003   4.3100E-003  -4.3222E-003   3.4916E-002   1.7250E-001  
 2.7461E+000   1.6907E+000   1.6907E+000   3.0625E-003  -7.5988E-001  -2.3534E-011  -1.7707E-001  -1.7707E-001  -2.2480E-001   2.2480E-001  -4.3328E-002  -1.2949E-012   1.0757E-001   1.5941E-002   5.8571E-012  -1.5002E-002  -1.5002E-002  -5.3213E-002   5.3213E-002  -4.3100E-003  -4.3100E-003  -4.3222E-003   3.4916E-002   1.7250E-001  
 2.7461E+000  -1.6907E+000   1.6907E+000   3.0625E-003   7.5988E-001  -2.3534E-011  -1.7707E-001   1.7707E-001  -2.2480E-001  -2.2480E-001  -4.3328E-002  -1.2893E-012  -1.0757E-001   1.5941E-002  -5.8625E-012   1.5002E-002  -1.5002E-002   5.3213E-002   5.3213E-002   4.3100E-003  -4.3100E-003  -4.3222E-003   3.4916E-002   1.7250E-001  
