-1.0680E+000  -2.0230E-016   2.0005E-015  -7.0202E-002   7.7503E-017   3.0365E-011   4.3394E-015  -8.7290E-018  -6.0814E-015  -1.2021E-015   1.2077E-001   5.6733E-013   3.2374E-017  -6.9031E-006  -7.8905E-017   1.9447E-016   7.8700E-015   6.6556E-016  -5.9707E-015   1.2343E-016   5.7407E-015  -2.6109E-002   2.6505E-003   9.3954E-003  
-8.3253E-001  -8.4310E-001  -3.6423E-015  -3.7360E-002  -1.4372E-015   5.8844E-002  -2.3060E-015  -1.7616E-002   3.7712E-015   2.3104E-003   1.1519E-001   8.8142E-003   7.3977E-017  -1.6661E-005   9.2232E-016   1.3782E-002  -2.0000E-015  -5.2018E-004   1.4304E-015  -6.4368E-006  -2.3837E-015  -2.4754E-002   4.1602E-003   3.2734E-002  
-8.3253E-001  -4.2155E-001  -7.3014E-001  -3.7359E-002   5.0967E-002  -2.9422E-002  -1.5256E-002  -8.8092E-003   4.0730E-006  -2.3175E-003   1.1519E-001  -4.4066E-003   7.6422E-003  -4.1410E-006   7.2372E-006   6.8904E-003   1.1934E-002   5.1382E-004   3.2843E-006  -3.1672E-006  -3.7627E-006  -2.4752E-002   4.1629E-003   3.1145E-002  
-8.3253E-001   4.2155E-001  -7.3014E-001  -3.7359E-002  -5.0967E-002  -2.9422E-002  -1.5256E-002   8.8092E-003   4.0720E-006   2.3175E-003   1.1519E-001  -4.4067E-003  -7.6422E-003  -4.1411E-006  -7.2372E-006  -6.8904E-003   1.1934E-002  -5.1382E-004   3.2845E-006   3.1671E-006  -3.7627E-006  -2.4752E-002   4.1629E-003   3.1145E-002  
-8.3253E-001   8.4310E-001  -1.2953E-007  -3.7360E-002  -1.8022E-008   5.8844E-002  -2.6406E-009   1.7616E-002   1.0223E-009  -2.3104E-003   1.1519E-001   8.8142E-003  -2.6884E-009  -1.6661E-005   1.0991E-012  -1.3782E-002   2.1059E-009   5.2018E-004  -2.2861E-010   6.4367E-006   5.8361E-011  -2.4754E-002   4.1602E-003   3.2734E-002  
-8.3253E-001   4.2155E-001   7.3014E-001  -3.7359E-002   5.0967E-002  -2.9422E-002   1.5256E-002   8.8092E-003  -4.0741E-006   2.3175E-003   1.1519E-001  -4.4066E-003   7.6422E-003  -4.1411E-006   7.2371E-006  -6.8904E-003  -1.1934E-002  -5.1382E-004  -3.2841E-006   3.1671E-006   3.7628E-006  -2.4752E-002   4.1629E-003   3.1145E-002  
-8.3253E-001  -4.2155E-001   7.3014E-001  -3.7359E-002  -5.0967E-002  -2.9422E-002   1.5256E-002  -8.8092E-003  -4.0709E-006  -2.3175E-003   1.1519E-001  -4.4067E-003  -7.6422E-003  -4.1411E-006  -7.2371E-006   6.8904E-003  -1.1934E-002   5.1382E-004  -3.2850E-006  -3.1673E-006   3.7628E-006  -2.4752E-002   4.1629E-003   3.1145E-002  
 1.0164E-002  -1.7193E+000   2.1771E-015   6.0937E-002   2.9994E-015   2.0446E-001  -6.8068E-016  -2.6273E-002   2.4656E-015   2.7074E-002   9.0336E-002   3.7381E-002  -1.9121E-015  -2.6196E-004   2.1225E-015   2.4617E-002   3.0985E-016  -5.7867E-003  -2.2147E-015  -7.0720E-005  -1.3649E-015  -1.9664E-002   1.1541E-002   8.5853E-002  
 1.0112E-002  -8.5960E-001  -1.4889E+000   6.0926E-002   1.7709E-001  -1.0223E-001  -2.2752E-002  -1.3137E-002   5.0977E-006  -2.7091E-002   9.0339E-002  -1.8689E-002   3.2408E-002   1.1727E-004   2.2559E-004   1.2301E-002   2.1318E-002   5.7659E-003   6.3258E-006  -3.3097E-005   3.7028E-005  -1.9672E-002   1.1566E-002   8.2462E-002  
 1.0112E-002   8.5960E-001  -1.4889E+000   6.0926E-002  -1.7709E-001  -1.0223E-001  -2.2752E-002   1.3137E-002   5.0851E-006   2.7091E-002   9.0339E-002  -1.8689E-002  -3.2408E-002   1.1727E-004  -2.2559E-004  -1.2301E-002   2.1318E-002  -5.7659E-003   6.3286E-006   3.3097E-005   3.7028E-005  -1.9672E-002   1.1566E-002   8.2462E-002  
 1.0164E-002   1.7193E+000  -2.6430E-007   6.0937E-002  -6.2786E-008   2.0446E-001  -4.0846E-009   2.6273E-002   1.2464E-008  -2.7074E-002   9.0336E-002   3.7381E-002  -1.1533E-008  -2.6196E-004   2.3188E-010  -2.4617E-002   3.8196E-009   5.7867E-003  -2.7295E-009   7.0720E-005  -4.2077E-011  -1.9664E-002   1.1541E-002   8.5853E-002  
 1.0112E-002   8.5960E-001   1.4889E+000   6.0926E-002   1.7709E-001  -1.0223E-001   2.2752E-002   1.3137E-002  -5.1101E-006   2.7091E-002   9.0339E-002  -1.8689E-002   3.2408E-002   1.1727E-004   2.2559E-004  -1.2301E-002  -2.1318E-002  -5.7659E-003  -6.3231E-006   3.3097E-005  -3.7028E-005  -1.9672E-002   1.1566E-002   8.2462E-002  
 1.0112E-002  -8.5960E-001   1.4889E+000   6.0926E-002  -1.7709E-001  -1.0223E-001   2.2752E-002  -1.3137E-002  -5.0727E-006  -2.7091E-002   9.0339E-002  -1.8689E-002  -3.2408E-002   1.1726E-004  -2.2559E-004   1.2301E-002  -2.1318E-002   5.7659E-003  -6.3312E-006  -3.3097E-005  -3.7028E-005  -1.9672E-002   1.1566E-002   8.2462E-002  
 1.0247E+000  -2.1597E+000   1.7926E-015   1.2104E-001   1.3016E-016   1.7954E-001   2.1762E-015  -3.5423E-003  -4.0072E-015   9.4030E-002   4.4398E-002   6.1248E-002   1.3041E-015  -2.0497E-003  -1.5403E-015   2.2726E-002  -1.2180E-015  -2.0099E-002  -4.6634E-016  -8.5926E-004   5.2631E-015  -1.3072E-002   2.0826E-002   1.1733E-001  
 1.0244E+000  -1.0798E+000  -1.8704E+000   1.2101E-001   1.5553E-001  -8.9777E-002  -3.1123E-003  -1.7946E-003   4.8411E-006  -9.4013E-002   4.4328E-002  -3.0610E-002   5.3079E-002   1.0464E-003   1.8152E-003   1.1328E-002   1.9635E-002   2.0092E-002   2.0808E-005  -4.3824E-004   7.4069E-004  -1.3121E-002   2.0805E-002   1.1666E-001  
 1.0244E+000   1.0798E+000  -1.8704E+000   1.2101E-001  -1.5553E-001  -8.9777E-002  -3.1123E-003   1.7946E-003   4.7976E-006   9.4013E-002   4.4328E-002  -3.0610E-002  -5.3079E-002   1.0464E-003  -1.8152E-003  -1.1327E-002   1.9635E-002  -2.0092E-002   2.0817E-005   4.3824E-004   7.4069E-004  -1.3121E-002   2.0805E-002   1.1666E-001  
 1.0247E+000   2.1597E+000  -3.3159E-007   1.2104E-001  -5.5299E-008   1.7954E-001  -4.7351E-010   3.5423E-003   4.3563E-008  -9.4030E-002   4.4398E-002   6.1248E-002  -1.9071E-008  -2.0497E-003   9.4414E-010  -2.2726E-002   3.6937E-009   2.0099E-002  -8.9687E-009   8.5926E-004  -3.9297E-010  -1.3072E-002   2.0826E-002   1.1733E-001  
 1.0244E+000   1.0798E+000   1.8704E+000   1.2101E-001   1.5553E-001  -8.9777E-002   3.1123E-003   1.7946E-003  -4.8846E-006   9.4013E-002   4.4328E-002  -3.0610E-002   5.3079E-002   1.0464E-003   1.8152E-003  -1.1328E-002  -1.9635E-002  -2.0092E-002  -2.0800E-005   4.3824E-004  -7.4069E-004  -1.3121E-002   2.0805E-002   1.1666E-001  
 1.0244E+000  -1.0798E+000   1.8704E+000   1.2101E-001  -1.5553E-001  -8.9777E-002   3.1123E-003  -1.7946E-003  -4.7540E-006  -9.4013E-002   4.4328E-002  -3.0610E-002  -5.3079E-002   1.0464E-003  -1.8152E-003   1.1327E-002  -1.9635E-002   2.0092E-002  -2.0827E-005  -4.3824E-004  -7.4069E-004  -1.3121E-002   2.0805E-002   1.1666E-001  
 1.8146E+000  -2.1610E+000   4.1174E-015   8.4464E-002   3.6811E-015  -1.1945E-001   8.6811E-015   4.6833E-002  -2.9667E-015   1.9164E-001  -1.6645E-002   5.8144E-002  -1.6299E-015  -8.0583E-003  -6.9356E-016   4.2401E-003   2.3856E-014  -4.3962E-002  -1.5775E-014  -3.3980E-003   1.3903E-014  -1.1730E-002   2.4800E-002   1.1994E-001  
 1.8143E+000  -1.0805E+000  -1.8716E+000   8.4519E-002  -1.0321E-001   5.9579E-002   4.0594E-002   2.3384E-002  -6.8262E-005  -1.9160E-001  -1.6641E-002  -2.9135E-002   5.0410E-002   4.0983E-003   6.9884E-003   2.0623E-003   3.7409E-003   4.3882E-002  -2.7264E-005  -1.7306E-003   2.9921E-003  -1.1725E-002   2.4849E-002   1.2123E-001  
 1.8143E+000   1.0805E+000  -1.8716E+000   8.4519E-002   1.0321E-001   5.9580E-002   4.0594E-002  -2.3384E-002  -6.8352E-005   1.9160E-001  -1.6641E-002  -2.9135E-002  -5.0410E-002   4.0983E-003  -6.9884E-003  -2.0623E-003   3.7409E-003  -4.3882E-002  -2.7245E-005   1.7306E-003   2.9921E-003  -1.1725E-002   2.4849E-002   1.2123E-001  
 1.8146E+000   2.1610E+000  -3.3114E-007   8.4464E-002   3.5250E-008  -1.1945E-001   7.9785E-009  -4.6833E-002   8.9952E-008  -1.9164E-001  -1.6645E-002   5.8144E-002  -1.9540E-008  -8.0583E-003   3.2002E-009  -4.2401E-003   1.5706E-009   4.3962E-002  -1.8362E-008   3.3980E-003  -1.4160E-009  -1.1730E-002   2.4800E-002   1.1994E-001  
 1.8143E+000   1.0805E+000   1.8716E+000   8.4519E-002  -1.0321E-001   5.9579E-002  -4.0594E-002  -2.3384E-002   6.8172E-005   1.9160E-001  -1.6641E-002  -2.9135E-002   5.0410E-002   4.0983E-003   6.9884E-003  -2.0623E-003  -3.7409E-003  -4.3882E-002   2.7282E-005   1.7306E-003  -2.9921E-003  -1.1725E-002   2.4849E-002   1.2123E-001  
 1.8143E+000  -1.0805E+000   1.8716E+000   8.4519E-002   1.0321E-001   5.9580E-002  -4.0594E-002   2.3384E-002   6.8442E-005  -1.9160E-001  -1.6641E-002  -2.9135E-002  -5.0410E-002   4.0983E-003  -6.9884E-003   2.0623E-003  -3.7409E-003   4.3882E-002   2.7227E-005  -1.7306E-003  -2.9921E-003  -1.1725E-002   2.4849E-002   1.2123E-001  
 2.2381E+000  -1.9764E+000   1.2498E-014   6.7046E-003  -7.7504E-015  -4.7221E-001   1.3539E-014   9.5610E-002  -8.9762E-015   2.7521E-001  -6.6737E-002   3.9254E-002  -4.8509E-015  -1.3863E-002   9.6739E-015  -1.6693E-002   2.3974E-014  -6.4350E-002  -2.1508E-014  -4.6635E-003   1.5493E-014  -1.2812E-002   2.6268E-002   1.2837E-001  
 2.2376E+000  -9.8828E-001  -1.7120E+000   6.7301E-003  -4.0848E-001   2.3592E-001   8.2786E-002   4.7776E-002  -3.7747E-005  -2.7511E-001  -6.6753E-002  -1.9638E-002   3.4072E-002   6.9937E-003   1.2063E-002  -8.4030E-003  -1.4445E-002   6.4306E-002   2.9765E-005  -2.3522E-003   4.0251E-003  -1.2919E-002   2.6289E-002   1.3562E-001  
 2.2376E+000   9.8828E-001  -1.7120E+000   6.7301E-003   4.0848E-001   2.3592E-001   8.2786E-002  -4.7776E-002  -3.7877E-005   2.7511E-001  -6.6753E-002  -1.9638E-002  -3.4072E-002   6.9937E-003  -1.2063E-002   8.4030E-003  -1.4445E-002  -6.4306E-002   2.9792E-005   2.3522E-003   4.0251E-003  -1.2919E-002   2.6289E-002   1.3562E-001  
 2.2381E+000   1.9764E+000  -3.0186E-007   6.7046E-003   1.4217E-007  -4.7221E-001   1.6511E-008  -9.5610E-002   1.3006E-007  -2.7521E-001  -6.6737E-002   3.9254E-002  -1.5474E-008  -1.3863E-002   5.8869E-009   1.6693E-002  -4.0652E-010   6.4350E-002  -2.6622E-008   4.6635E-003  -2.5373E-009  -1.2812E-002   2.6268E-002   1.2837E-001  
 2.2376E+000   9.8828E-001   1.7120E+000   6.7301E-003  -4.0848E-001   2.3592E-001  -8.2786E-002  -4.7776E-002   3.7617E-005   2.7511E-001  -6.6753E-002  -1.9638E-002   3.4072E-002   6.9937E-003   1.2063E-002   8.4030E-003   1.4445E-002  -6.4306E-002  -2.9739E-005   2.3522E-003  -4.0251E-003  -1.2919E-002   2.6289E-002   1.3562E-001  
 2.2376E+000  -9.8828E-001   1.7120E+000   6.7301E-003   4.0848E-001   2.3592E-001  -8.2786E-002   4.7776E-002   3.8007E-005  -2.7511E-001  -6.6753E-002  -1.9638E-002  -3.4072E-002   6.9937E-003  -1.2063E-002  -8.4030E-003   1.4445E-002   6.4306E-002  -2.9818E-005  -2.3522E-003  -4.0251E-003  -1.2919E-002   2.6289E-002   1.3562E-001  
 2.1618E+000  -1.4306E+000  -1.4306E+000   2.5111E-002  -3.9407E-001  -1.5775E-011   6.0217E-002   6.0217E-002   1.8220E-001  -1.8220E-001  -5.6479E-002  -5.6910E-015   4.4038E-002   1.2799E-002   5.7683E-012  -8.5825E-003  -8.5825E-003   4.2569E-002  -4.2569E-002   3.2005E-003   3.2005E-003  -1.2531E-002   2.6050E-002   1.2512E-001  
 2.1618E+000   1.4306E+000  -1.4306E+000   2.5111E-002   3.9407E-001  -1.5783E-011   6.0217E-002  -6.0217E-002   1.8220E-001   1.8220E-001  -5.6479E-002  -7.5944E-015  -4.4038E-002   1.2799E-002  -5.7618E-012   8.5825E-003  -8.5825E-003  -4.2569E-002  -4.2569E-002  -3.2005E-003   3.2005E-003  -1.2531E-002   2.6050E-002   1.2512E-001  
 2.1618E+000   1.4306E+000   1.4306E+000   2.5111E-002  -3.9407E-001  -1.5780E-011  -6.0217E-002  -6.0217E-002  -1.8220E-001   1.8220E-001  -5.6479E-002  -8.7517E-015   4.4038E-002   1.2799E-002   5.7668E-012   8.5825E-003   8.5825E-003  -4.2569E-002   4.2569E-002  -3.2005E-003  -3.2005E-003  -1.2531E-002   2.6050E-002   1.2512E-001  
 2.1618E+000  -1.4306E+000   1.4306E+000   2.5111E-002   3.9407E-001  -1.5783E-011  -6.0217E-002   6.0217E-002  -1.8220E-001  -1.8220E-001  -5.6479E-002  -4.7737E-015  -4.4038E-002   1.2799E-002  -5.7727E-012  -8.5825E-003   8.5825E-003   4.2569E-002   4.2569E-002   3.2005E-003  -3.2005E-003  -1.2531E-002   2.6050E-002   1.2512E-001  
