-8.3028E-001  -4.5385E-017   2.7687E-015  -4.1154E-002   6.3661E-017   1.7103E-011   2.8240E-015   2.9227E-017  -3.5576E-015  -6.3541E-016   6.1736E-002  -3.6387E-013   3.6516E-017  -2.8844E-006  -4.4172E-017   1.1054E-016   5.5715E-015   2.9053E-016  -3.7609E-015   7.3376E-017   4.1488E-015  -1.9882E-002   1.4444E-003   5.2936E-003  
-7.0436E-001  -4.4250E-001  -3.1536E-015  -2.4045E-002   7.6794E-016   3.9996E-002  -2.0257E-015  -1.9883E-002   2.2291E-015   1.2906E-003   5.8547E-002   3.2777E-003  -5.1578E-016  -9.5723E-006  -1.9089E-016   3.0795E-003  -1.1782E-015  -2.8974E-004   1.8426E-015  -2.9275E-006  -2.1656E-015  -1.9184E-002   2.1438E-003   1.4981E-002  
-7.0436E-001  -2.2125E-001  -3.8321E-001  -2.4044E-002   3.4640E-002  -1.9998E-002  -1.7219E-002  -9.9421E-003   1.8391E-006  -1.2939E-003   5.8547E-002  -1.6386E-003   2.8432E-003  -5.5244E-007   5.2546E-006   1.5395E-003   2.6663E-003   2.8751E-004   1.0523E-006  -1.4451E-006  -1.5396E-006  -1.9183E-002   2.1451E-003   1.4229E-002  
-7.0436E-001   2.2125E-001  -3.8321E-001  -2.4044E-002  -3.4640E-002  -1.9998E-002  -1.7219E-002   9.9421E-003   1.8385E-006   1.2939E-003   5.8547E-002  -1.6386E-003  -2.8432E-003  -5.5247E-007  -5.2546E-006  -1.5395E-003   2.6663E-003  -2.8751E-004   1.0524E-006   1.4450E-006  -1.5396E-006  -1.9183E-002   2.1451E-003   1.4229E-002  
-7.0436E-001   4.4250E-001  -6.7981E-008  -2.4045E-002  -1.2257E-008   3.9996E-002  -3.0183E-009   1.9883E-002   5.7333E-010  -1.2906E-003   5.8547E-002   3.2777E-003  -9.9613E-010  -9.5724E-006  -1.0115E-012  -3.0795E-003   4.6867E-010   2.8974E-004  -1.2591E-010   2.9275E-006   2.9751E-011  -1.9184E-002   2.1438E-003   1.4981E-002  
-7.0436E-001   2.2125E-001   3.8321E-001  -2.4044E-002   3.4640E-002  -1.9998E-002   1.7219E-002   9.9421E-003  -1.8397E-006   1.2939E-003   5.8547E-002  -1.6386E-003   2.8432E-003  -5.5250E-007   5.2546E-006  -1.5395E-003  -2.6663E-003  -2.8751E-004  -1.0522E-006   1.4450E-006   1.5396E-006  -1.9183E-002   2.1451E-003   1.4229E-002  
-7.0436E-001  -2.2125E-001   3.8321E-001  -2.4044E-002  -3.4640E-002  -1.9998E-002   1.7219E-002  -9.9421E-003  -1.8379E-006  -1.2939E-003   5.8547E-002  -1.6386E-003  -2.8432E-003  -5.5247E-007  -5.2546E-006   1.5395E-003  -2.6663E-003   2.8751E-004  -1.0527E-006  -1.4451E-006   1.5396E-006  -1.9183E-002   2.1451E-003   1.4229E-002  
-2.5123E-001  -8.8955E-001   8.5073E-016   2.7313E-002   1.1595E-015   1.5222E-001   1.4287E-015  -3.4530E-002  -3.3057E-016   1.5039E-002   4.4469E-002   1.2846E-002  -1.4663E-015  -1.7532E-004   3.5077E-015   3.5878E-003   3.2800E-015  -3.2130E-003  -1.7362E-015  -3.8290E-005   1.7722E-015  -1.6604E-002   5.6517E-003   4.0410E-002  
-2.5126E-001  -4.4476E-001  -7.7036E-001   2.7306E-002   1.3183E-001  -7.6108E-002  -2.9902E-002  -1.7264E-002   2.0152E-006  -1.5047E-002   4.4471E-002  -6.4225E-003   1.1143E-002   8.1280E-005   1.5152E-004   1.7900E-003   3.1069E-003   3.2049E-003   1.8591E-006  -1.7921E-005   2.2610E-005  -1.6609E-002   5.6632E-003   3.8785E-002  
-2.5126E-001   4.4476E-001  -7.7036E-001   2.7306E-002  -1.3183E-001  -7.6108E-002  -2.9902E-002   1.7264E-002   2.0082E-006   1.5047E-002   4.4471E-002  -6.4225E-003  -1.1143E-002   8.1280E-005  -1.5152E-004  -1.7900E-003   3.1069E-003  -3.2049E-003   1.8606E-006   1.7921E-005   2.2610E-005  -1.6609E-002   5.6632E-003   3.8785E-002  
-2.5123E-001   8.8955E-001  -1.3675E-007   2.7313E-002  -4.6740E-008   1.5222E-001  -5.3370E-009   3.4530E-002   6.9250E-009  -1.5039E-002   4.4469E-002   1.2846E-002  -3.9794E-009  -1.7532E-004   1.4747E-010  -3.5878E-003   5.7851E-010   3.2130E-003  -1.5260E-009   3.8290E-005  -2.2630E-011  -1.6604E-002   5.6517E-003   4.0410E-002  
-2.5126E-001   4.4476E-001   7.7036E-001   2.7306E-002   1.3183E-001  -7.6108E-002   2.9902E-002   1.7264E-002  -2.0221E-006   1.5047E-002   4.4471E-002  -6.4225E-003   1.1143E-002   8.1280E-005   1.5152E-004  -1.7900E-003  -3.1069E-003  -3.2049E-003  -1.8576E-006   1.7921E-005  -2.2610E-005  -1.6609E-002   5.6632E-003   3.8785E-002  
-2.5126E-001  -4.4476E-001   7.7036E-001   2.7306E-002  -1.3183E-001  -7.6108E-002   2.9902E-002  -1.7264E-002  -2.0013E-006  -1.5047E-002   4.4471E-002  -6.4225E-003  -1.1143E-002   8.1280E-005  -1.5152E-004   1.7900E-003  -3.1069E-003   3.2049E-003  -1.8621E-006  -1.7921E-005  -2.2610E-005  -1.6609E-002   5.6632E-003   3.8785E-002  
 3.0197E-001  -1.0876E+000   1.1339E-015   5.9280E-002   1.1821E-015   1.9158E-001   1.3318E-016  -2.6225E-002  -3.8780E-016   5.1933E-002   1.8856E-002   1.7083E-002  -1.9914E-015  -1.2384E-003   2.9138E-016  -2.1231E-003   1.3019E-015  -1.1071E-002  -1.2317E-015  -4.3648E-004   1.5426E-015  -1.3363E-002   1.0107E-002   5.5522E-002  
 3.0184E-001  -5.4378E-001  -9.4193E-001   5.9263E-002   1.6592E-001  -9.5793E-002  -2.2730E-002  -1.3121E-002   1.3856E-006  -5.1923E-002   1.8825E-002  -8.5344E-003   1.4814E-002   6.2945E-004   1.0917E-003  -1.0793E-003  -1.8617E-003   1.1067E-002   9.5386E-006  -2.2250E-004   3.7730E-004  -1.3388E-002   1.0098E-002   5.5366E-002  
 3.0184E-001   5.4378E-001  -9.4193E-001   5.9263E-002  -1.6592E-001  -9.5793E-002  -2.2730E-002   1.3121E-002   1.3615E-006   5.1923E-002   1.8825E-002  -8.5344E-003  -1.4814E-002   6.2945E-004  -1.0917E-003   1.0793E-003  -1.8617E-003  -1.1067E-002   9.5436E-006   2.2250E-004   3.7730E-004  -1.3388E-002   1.0098E-002   5.5366E-002  
 3.0197E-001   1.0876E+000  -1.6697E-007   5.9280E-002  -5.8899E-008   1.9158E-001  -4.0197E-009   2.6225E-002   2.4048E-008  -5.1933E-002   1.8856E-002   1.7083E-002  -5.4047E-009  -1.2384E-003   6.0958E-010   2.1231E-003  -2.0297E-010   1.1071E-002  -4.9874E-009   4.3648E-004  -2.1304E-010  -1.3363E-002   1.0107E-002   5.5522E-002  
 3.0184E-001   5.4378E-001   9.4193E-001   5.9263E-002   1.6592E-001  -9.5793E-002   2.2730E-002   1.3121E-002  -1.4096E-006   5.1923E-002   1.8825E-002  -8.5344E-003   1.4814E-002   6.2945E-004   1.0917E-003   1.0793E-003   1.8617E-003  -1.1067E-002  -9.5336E-006   2.2250E-004  -3.7730E-004  -1.3388E-002   1.0098E-002   5.5366E-002  
 3.0184E-001  -5.4378E-001   9.4193E-001   5.9263E-002  -1.6592E-001  -9.5793E-002   2.2730E-002  -1.3121E-002  -1.3375E-006  -5.1923E-002   1.8825E-002  -8.5344E-003  -1.4814E-002   6.2945E-004  -1.0917E-003  -1.0793E-003   1.8617E-003   1.1067E-002  -9.5486E-006  -2.2250E-004  -3.7730E-004  -1.3388E-002   1.0098E-002   5.5366E-002  
 7.4343E-001  -1.0438E+000  -7.2993E-016   4.1788E-002  -3.1774E-015   8.7749E-002   4.8004E-015   2.0949E-003  -9.6328E-016   1.0561E-001  -1.4576E-002   7.0348E-003  -5.0495E-016  -4.4716E-003   2.7107E-015  -1.5214E-002   8.6137E-015  -2.3855E-002  -5.5840E-015  -1.6635E-003   4.8632E-015  -1.2626E-002   1.2094E-002   5.6216E-002  
 7.4323E-001  -5.2190E-001  -9.0403E-001   4.1816E-002   7.6082E-002  -4.3947E-002   1.8261E-003   1.0310E-003  -3.4777E-005  -1.0559E-001  -1.4576E-002  -3.5478E-003   6.1260E-003   2.2686E-003   3.8768E-003  -7.6323E-003  -1.3139E-002   2.3816E-002  -1.2687E-005  -8.4689E-004   1.4648E-003  -1.2624E-002   1.2116E-002   5.6712E-002  
 7.4323E-001   5.2190E-001  -9.0403E-001   4.1816E-002  -7.6082E-002  -4.3947E-002   1.8261E-003  -1.0310E-003  -3.4827E-005   1.0559E-001  -1.4576E-002  -3.5478E-003  -6.1260E-003   2.2686E-003  -3.8768E-003   7.6323E-003  -1.3139E-002  -2.3816E-002  -1.2677E-005   8.4689E-004   1.4648E-003  -1.2624E-002   1.2116E-002   5.6712E-002  
 7.4343E-001   1.0438E+000  -1.5993E-007   4.1788E-002  -2.7605E-008   8.7749E-002   6.4714E-010  -2.0949E-003   4.9443E-008  -1.0561E-001  -1.4576E-002   7.0348E-003  -3.0072E-009  -4.4716E-003   1.9318E-009   1.5214E-002  -1.8647E-009   2.3855E-002  -1.0139E-008   1.6635E-003  -7.2768E-010  -1.2626E-002   1.2094E-002   5.6216E-002  
 7.4323E-001   5.2190E-001   9.0403E-001   4.1816E-002   7.6082E-002  -4.3947E-002  -1.8261E-003  -1.0310E-003   3.4728E-005   1.0559E-001  -1.4576E-002  -3.5478E-003   6.1260E-003   2.2686E-003   3.8768E-003   7.6323E-003   1.3139E-002  -2.3816E-002   1.2697E-005   8.4689E-004  -1.4648E-003  -1.2624E-002   1.2116E-002   5.6712E-002  
 7.4323E-001  -5.2190E-001   9.0403E-001   4.1816E-002  -7.6082E-002  -4.3947E-002  -1.8261E-003   1.0310E-003   3.4876E-005  -1.0559E-001  -1.4576E-002  -3.5478E-003  -6.1260E-003   2.2686E-003  -3.8768E-003  -7.6323E-003   1.3139E-002   2.3816E-002   1.2667E-005  -8.4689E-004  -1.4648E-003  -1.2624E-002   1.2116E-002   5.6712E-002  
 9.8757E-001  -9.1150E-001   3.4057E-015   3.1114E-003  -6.9436E-016  -6.0875E-002   6.3283E-015   3.1205E-002  -3.2981E-015   1.5155E-001  -4.1684E-002  -8.4856E-003  -3.2248E-015  -7.5360E-003   3.8970E-015  -2.7880E-002   1.0625E-014  -3.4641E-002  -1.0203E-014  -2.2608E-003   6.4131E-015  -1.3038E-002   1.2910E-002   6.0278E-002  
 9.8729E-001  -4.5581E-001  -7.8958E-001   3.1219E-003  -5.2527E-002   3.0342E-002   2.7010E-002   1.5588E-002  -2.2387E-005  -1.5149E-001  -4.1690E-002   4.2360E-003  -7.3040E-003   3.7984E-003   6.5551E-003  -1.3967E-002  -2.4138E-002   3.4620E-002   1.6477E-005  -1.1399E-003   1.9517E-003  -1.3094E-002   1.2917E-002   6.3496E-002  
 9.8729E-001   4.5581E-001  -7.8958E-001   3.1219E-003   5.2527E-002   3.0342E-002   2.7010E-002  -1.5588E-002  -2.2458E-005   1.5149E-001  -4.1690E-002   4.2360E-003   7.3040E-003   3.7984E-003  -6.5551E-003   1.3967E-002  -2.4138E-002  -3.4620E-002   1.6492E-005   1.1399E-003   1.9517E-003  -1.3094E-002   1.2917E-002   6.3496E-002  
 9.8757E-001   9.1150E-001  -1.3919E-007   3.1114E-003   1.7410E-008  -6.0875E-002   5.5838E-009  -3.1205E-002   7.1330E-008  -1.5155E-001  -4.1684E-002  -8.4856E-003   9.5467E-010  -7.5360E-003   3.4360E-009   2.7880E-002  -3.2076E-009   3.4641E-002  -1.4613E-008   2.2608E-003  -1.2802E-009  -1.3038E-002   1.2910E-002   6.0278E-002  
 9.8729E-001   4.5581E-001   7.8958E-001   3.1219E-003  -5.2527E-002   3.0342E-002  -2.7010E-002  -1.5588E-002   2.2316E-005   1.5149E-001  -4.1690E-002   4.2360E-003  -7.3040E-003   3.7984E-003   6.5551E-003   1.3967E-002   2.4138E-002  -3.4620E-002  -1.6463E-005   1.1399E-003  -1.9517E-003  -1.3094E-002   1.2917E-002   6.3496E-002  
 9.8729E-001  -4.5581E-001   7.8958E-001   3.1219E-003   5.2527E-002   3.0342E-002  -2.7010E-002   1.5588E-002   2.2530E-005  -1.5149E-001  -4.1690E-002   4.2360E-003   7.3040E-003   3.7984E-003  -6.5551E-003  -1.3967E-002   2.4138E-002   3.4620E-002  -1.6507E-005  -1.1399E-003  -1.9517E-003  -1.3094E-002   1.2917E-002   6.3496E-002  
 9.4303E-001  -6.6701E-001  -6.6701E-001   1.2282E-002  -2.7033E-002  -8.4166E-012   1.7613E-002   1.7613E-002   1.0035E-001  -1.0035E-001  -3.6149E-002  -7.4589E-014  -4.8911E-003   6.9683E-003   2.2210E-012  -1.7818E-002  -1.7818E-002   2.2946E-002  -2.2946E-002   1.5526E-003   1.5526E-003  -1.2930E-002   1.2780E-002   5.8533E-002  
 9.4303E-001   6.6701E-001  -6.6701E-001   1.2282E-002   2.7033E-002  -8.4188E-012   1.7613E-002  -1.7613E-002   1.0035E-001   1.0035E-001  -3.6149E-002  -7.3225E-014   4.8911E-003   6.9683E-003  -2.2180E-012   1.7818E-002  -1.7818E-002  -2.2946E-002  -2.2946E-002  -1.5526E-003   1.5526E-003  -1.2930E-002   1.2780E-002   5.8533E-002  
 9.4303E-001   6.6701E-001   6.6701E-001   1.2282E-002  -2.7033E-002  -8.4195E-012  -1.7613E-002  -1.7613E-002  -1.0035E-001   1.0035E-001  -3.6149E-002  -7.5908E-014  -4.8911E-003   6.9683E-003   2.2210E-012   1.7818E-002   1.7818E-002  -2.2946E-002   2.2946E-002  -1.5526E-003  -1.5526E-003  -1.2930E-002   1.2780E-002   5.8533E-002  
 9.4303E-001  -6.6701E-001   6.6701E-001   1.2282E-002   2.7033E-002  -8.4183E-012  -1.7613E-002   1.7613E-002  -1.0035E-001  -1.0035E-001  -3.6149E-002  -7.3091E-014   4.8911E-003   6.9683E-003  -2.2227E-012  -1.7818E-002   1.7818E-002   2.2946E-002   2.2946E-002   1.5526E-003  -1.5526E-003  -1.2930E-002   1.2780E-002   5.8533E-002  
