-8.8032E-001  -1.9477E-017   9.0838E-016  -4.7317E-002   5.3315E-017   1.9417E-011   4.9097E-015   2.7163E-017  -4.8659E-015  -1.1478E-015   6.9966E-002  -1.4718E-012   2.7310E-017  -3.5170E-006  -5.1616E-017   5.1379E-019   4.7661E-015   6.1533E-016  -5.0607E-015   1.0752E-016   4.6800E-015  -2.1974E-002   1.6702E-003   5.9928E-003  
-7.3205E-001  -5.1596E-001  -1.4065E-015  -2.6824E-002   1.7262E-016   4.4715E-002  -2.0179E-015  -2.0928E-002   2.1248E-015   1.4905E-003   6.6305E-002   4.1042E-003  -3.1499E-016  -1.0996E-005   1.7398E-016   4.4409E-003  -2.2573E-015  -3.3470E-004   1.3877E-015  -3.5098E-006  -1.7978E-015  -2.1157E-002   2.5035E-003   1.7936E-002  
-7.3205E-001  -2.5798E-001  -4.4683E-001  -2.6823E-002   3.8728E-002  -2.2358E-002  -1.8125E-002  -1.0465E-002   2.2081E-006  -1.4944E-003   6.6305E-002  -2.0518E-003   3.5597E-003  -9.7848E-007   5.8295E-006   2.2202E-003   3.8452E-003   3.3186E-004   1.3664E-006  -1.7316E-006  -1.8866E-006  -2.1156E-002   2.5051E-003   1.7041E-002  
-7.3205E-001   2.5798E-001  -4.4683E-001  -2.6823E-002  -3.8728E-002  -2.2358E-002  -1.8125E-002   1.0465E-002   2.2075E-006   1.4944E-003   6.6305E-002  -2.0518E-003  -3.5597E-003  -9.7852E-007  -5.8295E-006  -2.2202E-003   3.8452E-003  -3.3186E-004   1.3666E-006   1.7315E-006  -1.8867E-006  -2.1156E-002   2.5051E-003   1.7041E-002  
-7.3205E-001   5.1596E-001  -7.9273E-008  -2.6824E-002  -1.3701E-008   4.4715E-002  -3.1755E-009   2.0928E-002   6.6494E-010  -1.4905E-003   6.6305E-002   4.1042E-003  -1.2473E-009  -1.0996E-005  -2.8563E-012  -4.4409E-003   6.7719E-010   3.3470E-004  -1.4515E-010   3.5097E-006   3.6326E-011  -2.1157E-002   2.5035E-003   1.7936E-002  
-7.3205E-001   2.5798E-001   4.4683E-001  -2.6823E-002   3.8728E-002  -2.2358E-002   1.8124E-002   1.0465E-002  -2.2088E-006   1.4944E-003   6.6305E-002  -2.0518E-003   3.5597E-003  -9.7856E-007   5.8294E-006  -2.2202E-003  -3.8452E-003  -3.3186E-004  -1.3663E-006   1.7315E-006   1.8867E-006  -2.1156E-002   2.5051E-003   1.7041E-002  
-7.3205E-001  -2.5798E-001   4.4683E-001  -2.6823E-002  -3.8728E-002  -2.2358E-002   1.8125E-002  -1.0465E-002  -2.2068E-006  -1.4944E-003   6.6305E-002  -2.0518E-003  -3.5597E-003  -9.7851E-007  -5.8294E-006   2.2202E-003  -3.8452E-003   3.3186E-004  -1.3669E-006  -1.7316E-006   1.8867E-006  -2.1156E-002   2.5051E-003   1.7041E-002  
-1.9840E-001  -1.0397E+000   2.5534E-015   3.5121E-002   1.7703E-015   1.6797E-001   1.2503E-015  -3.5820E-002   6.7984E-016   1.7385E-002   5.0116E-002   1.6393E-002  -1.0444E-015  -1.9673E-004   1.7236E-015   6.0909E-003   1.9799E-015  -3.7135E-003  -2.1881E-015  -4.4446E-005   4.9729E-016  -1.8126E-002   6.6733E-003   4.8122E-002  
-1.9844E-001  -5.1983E-001  -9.0040E-001   3.5114E-002   1.4548E-001  -8.3987E-002  -3.1019E-002  -1.7909E-002   2.4875E-006  -1.7394E-002   5.0117E-002  -8.1959E-003   1.4218E-002   9.0755E-005   1.6994E-004   3.0409E-003   5.2745E-003   3.7035E-003   2.4701E-006  -2.0801E-005   2.5733E-005  -1.8132E-002   6.6871E-003   4.6194E-002  
-1.9844E-001   5.1983E-001  -9.0040E-001   3.5114E-002  -1.4548E-001  -8.3987E-002  -3.1019E-002   1.7909E-002   2.4794E-006   1.7394E-002   5.0117E-002  -8.1959E-003  -1.4218E-002   9.0755E-005  -1.6994E-004  -3.0409E-003   5.2745E-003  -3.7035E-003   2.4718E-006   2.0801E-005   2.5732E-005  -1.8132E-002   6.6871E-003   4.6194E-002  
-1.9840E-001   1.0397E+000  -1.5983E-007   3.5121E-002  -5.1584E-008   1.6797E-001  -5.5411E-009   3.5820E-002   8.0058E-009  -1.7385E-002   5.0116E-002   1.6393E-002  -5.0741E-009  -1.9673E-004   1.6929E-010  -6.0909E-003   9.6596E-010   3.7135E-003  -1.7623E-009   4.4446E-005  -2.7007E-011  -1.8126E-002   6.6733E-003   4.8122E-002  
-1.9844E-001   5.1983E-001   9.0040E-001   3.5114E-002   1.4548E-001  -8.3987E-002   3.1019E-002   1.7909E-002  -2.4955E-006   1.7394E-002   5.0117E-002  -8.1959E-003   1.4218E-002   9.0755E-005   1.6994E-004  -3.0409E-003  -5.2745E-003  -3.7035E-003  -2.4683E-006   2.0801E-005  -2.5733E-005  -1.8132E-002   6.6871E-003   4.6194E-002  
-1.9844E-001  -5.1983E-001   9.0040E-001   3.5114E-002  -1.4548E-001  -8.3987E-002   3.1019E-002  -1.7909E-002  -2.4714E-006  -1.7394E-002   5.0117E-002  -8.1959E-003  -1.4218E-002   9.0755E-005  -1.6994E-004   3.0409E-003  -5.2745E-003   3.7035E-003  -2.4735E-006  -2.0801E-005  -2.5733E-005  -1.8132E-002   6.6871E-003   4.6194E-002  
 4.5325E-001  -1.2770E+000   1.6543E-015   7.5210E-002  -1.2163E-015   2.0261E-001   1.3206E-015  -2.5244E-002  -2.2085E-015   6.0092E-002   2.0573E-002   2.3052E-002  -9.6739E-016  -1.4115E-003  -1.6817E-015   3.9049E-004  -2.5373E-017  -1.2813E-002  -1.0575E-015  -5.1241E-004   2.4145E-015  -1.4297E-002   1.1961E-002   6.6053E-002  
 4.5311E-001  -6.3848E-001  -1.1060E+000   7.5189E-002   1.7548E-001  -1.0131E-001  -2.1886E-002  -1.2633E-002   1.8540E-006  -6.0080E-002   2.0535E-002  -1.1518E-002   1.9987E-002   7.1791E-004   1.2452E-003   1.7435E-004   3.1113E-004   1.2809E-002   1.1417E-005  -2.6124E-004   4.4272E-004  -1.4327E-002   1.1950E-002   6.5830E-002  
 4.5311E-001   6.3848E-001  -1.1060E+000   7.5189E-002  -1.7548E-001  -1.0131E-001  -2.1886E-002   1.2633E-002   1.8262E-006   6.0080E-002   2.0535E-002  -1.1518E-002  -1.9987E-002   7.1791E-004  -1.2452E-003  -1.7435E-004   3.1113E-004  -1.2809E-002   1.1423E-005   2.6124E-004   4.4272E-004  -1.4327E-002   1.1950E-002   6.5830E-002  
 4.5325E-001   1.2770E+000  -1.9605E-007   7.5210E-002  -6.2299E-008   2.0261E-001  -3.8622E-009   2.5244E-002   2.7828E-008  -6.0092E-002   2.0573E-002   2.3052E-002  -7.2610E-009  -1.4115E-003   6.8759E-010  -3.9049E-004   2.0515E-010   1.2813E-002  -5.7636E-009   5.1241E-004  -2.4505E-010  -1.4297E-002   1.1961E-002   6.6053E-002  
 4.5311E-001   6.3848E-001   1.1060E+000   7.5189E-002   1.7548E-001  -1.0131E-001   2.1886E-002   1.2633E-002  -1.8818E-006   6.0080E-002   2.0535E-002  -1.1518E-002   1.9987E-002   7.1791E-004   1.2452E-003  -1.7435E-004  -3.1113E-004  -1.2809E-002  -1.1412E-005   2.6124E-004  -4.4272E-004  -1.4327E-002   1.1950E-002   6.5830E-002  
 4.5311E-001  -6.3848E-001   1.1060E+000   7.5189E-002  -1.7548E-001  -1.0131E-001   2.1886E-002  -1.2633E-002  -1.7984E-006  -6.0080E-002   2.0535E-002  -1.1518E-002  -1.9987E-002   7.1791E-004  -1.2452E-003   1.7435E-004  -3.1113E-004   1.2809E-002  -1.1429E-005  -2.6124E-004  -4.4272E-004  -1.4327E-002   1.1950E-002   6.5830E-002  
 9.7331E-001  -1.2344E+000   1.8351E-015   5.7331E-002  -3.1313E-015   6.9996E-002   6.2861E-015   7.5531E-003  -2.7459E-015   1.2225E-001  -1.8116E-002   1.3067E-002  -4.3899E-016  -5.1682E-003   3.1801E-015  -1.4194E-002   1.0493E-014  -2.7679E-002  -8.4730E-015  -1.9664E-003   7.5376E-015  -1.3443E-002   1.4301E-002   6.7005E-002  
 9.7307E-001  -6.1722E-001  -1.0691E+000   5.7362E-002   6.0730E-002  -3.5084E-002   6.5564E-003   3.7572E-003  -4.0810E-005  -1.2222E-001  -1.8116E-002  -6.5696E-003   1.1355E-002   2.6231E-003   4.4810E-003  -7.1277E-003  -1.2250E-002   2.7633E-002  -1.5142E-005  -1.0012E-003   1.7315E-003  -1.3440E-002   1.4327E-002   6.7622E-002  
 9.7307E-001   6.1722E-001  -1.0691E+000   5.7362E-002  -6.0730E-002  -3.5084E-002   6.5564E-003  -3.7572E-003  -4.0868E-005   1.2222E-001  -1.8116E-002  -6.5696E-003  -1.1355E-002   2.6231E-003  -4.4810E-003   7.1277E-003  -1.2250E-002  -2.7633E-002  -1.5130E-005   1.0012E-003   1.7315E-003  -1.3440E-002   1.4327E-002   6.7622E-002  
 9.7331E-001   1.2344E+000  -1.8914E-007   5.7331E-002  -2.2281E-008   6.9996E-002   1.5581E-009  -7.5531E-003   5.7255E-008  -1.2225E-001  -1.8116E-002   1.3067E-002  -5.0082E-009  -5.1682E-003   2.2005E-009   1.4194E-002  -1.6258E-009   2.7679E-002  -1.1729E-008   1.9664E-003  -8.5276E-010  -1.3443E-002   1.4301E-002   6.7005E-002  
 9.7307E-001   6.1722E-001   1.0691E+000   5.7362E-002   6.0730E-002  -3.5083E-002  -6.5564E-003  -3.7572E-003   4.0753E-005   1.2222E-001  -1.8116E-002  -6.5696E-003   1.1355E-002   2.6231E-003   4.4810E-003   7.1277E-003   1.2250E-002  -2.7633E-002   1.5154E-005   1.0012E-003  -1.7315E-003  -1.3440E-002   1.4327E-002   6.7622E-002  
 9.7307E-001  -6.1722E-001   1.0691E+000   5.7362E-002  -6.0730E-002  -3.5084E-002  -6.5564E-003   3.7572E-003   4.0925E-005  -1.2222E-001  -1.8116E-002  -6.5696E-003  -1.1355E-002   2.6231E-003  -4.4810E-003  -7.1277E-003   1.2250E-002   2.7633E-002   1.5119E-005  -1.0012E-003  -1.7315E-003  -1.3440E-002   1.4327E-002   6.7622E-002  
 1.2608E+000  -1.0869E+000   4.4100E-015   1.3718E-002  -4.7560E-015  -1.1133E-001   8.5308E-015   4.0898E-002  -6.2230E-015   1.7544E-001  -4.9558E-002  -3.8866E-003  -3.4825E-015  -8.7409E-003   6.4764E-015  -2.8633E-002   1.5141E-014  -4.0250E-002  -1.1626E-014  -2.6775E-003   9.2671E-015  -1.3955E-002   1.5244E-002   7.1819E-002  
 1.2605E+000  -5.4352E-001  -9.4152E-001   1.3729E-002  -9.6176E-002   5.5551E-002   3.5403E-002   2.0432E-002  -2.5603E-005  -1.7538E-001  -4.9565E-002   1.9356E-003  -3.3146E-003   4.4064E-003   7.6037E-003  -1.4349E-002  -2.4789E-002   4.0225E-002   1.9055E-005  -1.3501E-003   2.3113E-003  -1.4020E-002   1.5253E-002   7.5697E-002  
 1.2605E+000   5.4352E-001  -9.4152E-001   1.3729E-002   9.6176E-002   5.5551E-002   3.5403E-002  -2.0432E-002  -2.5685E-005   1.7538E-001  -4.9565E-002   1.9356E-003   3.3146E-003   4.4064E-003  -7.6037E-003   1.4349E-002  -2.4789E-002  -4.0225E-002   1.9072E-005   1.3501E-003   2.3113E-003  -1.4020E-002   1.5253E-002   7.5697E-002  
 1.2608E+000   1.0869E+000  -1.6598E-007   1.3718E-002   3.2643E-008  -1.1133E-001   7.2404E-009  -4.0898E-002   8.2634E-008  -1.7544E-001  -4.9558E-002  -3.8866E-003  -7.6750E-010  -8.7409E-003   3.9358E-009   2.8633E-002  -3.1320E-009   4.0250E-002  -1.6923E-008   2.6775E-003  -1.5025E-009  -1.3955E-002   1.5244E-002   7.1819E-002  
 1.2605E+000   5.4352E-001   9.4152E-001   1.3729E-002  -9.6176E-002   5.5551E-002  -3.5403E-002  -2.0432E-002   2.5520E-005   1.7538E-001  -4.9565E-002   1.9356E-003  -3.3146E-003   4.4064E-003   7.6037E-003   1.4349E-002   2.4789E-002  -4.0225E-002  -1.9038E-005   1.3501E-003  -2.3113E-003  -1.4020E-002   1.5253E-002   7.5697E-002  
 1.2605E+000  -5.4352E-001   9.4152E-001   1.3729E-002   9.6176E-002   5.5551E-002  -3.5403E-002   2.0432E-002   2.5768E-005  -1.7538E-001  -4.9565E-002   1.9356E-003   3.3146E-003   4.4064E-003  -7.6037E-003  -1.4349E-002   2.4789E-002   4.0225E-002  -1.9089E-005  -1.3501E-003  -2.3113E-003  -1.4020E-002   1.5253E-002   7.5697E-002  
 1.2084E+000  -7.9380E-001  -7.9380E-001   2.4137E-002  -7.0286E-002  -1.0915E-011   2.3828E-002   2.3828E-002   1.1617E-001  -1.1617E-001  -4.3134E-002   7.4071E-014   8.4281E-005   8.0803E-003   2.9713E-012  -1.8076E-002  -1.8076E-002   2.6655E-002  -2.6655E-002   1.8385E-003   1.8385E-003  -1.3821E-002   1.5096E-002   6.9792E-002  
 1.2084E+000   7.9380E-001  -7.9380E-001   2.4137E-002   7.0286E-002  -1.0919E-011   2.3828E-002  -2.3828E-002   1.1617E-001   1.1617E-001  -4.3134E-002   7.4377E-014  -8.4281E-005   8.0803E-003  -2.9692E-012   1.8076E-002  -1.8076E-002  -2.6655E-002  -2.6655E-002  -1.8385E-003   1.8385E-003  -1.3821E-002   1.5096E-002   6.9792E-002  
 1.2084E+000   7.9380E-001   7.9380E-001   2.4137E-002  -7.0286E-002  -1.0918E-011  -2.3828E-002  -2.3828E-002  -1.1617E-001   1.1617E-001  -4.3134E-002   7.2749E-014   8.4281E-005   8.0803E-003   2.9727E-012   1.8076E-002   1.8076E-002  -2.6655E-002   2.6655E-002  -1.8385E-003  -1.8385E-003  -1.3821E-002   1.5096E-002   6.9792E-002  
 1.2084E+000  -7.9380E-001   7.9380E-001   2.4137E-002   7.0286E-002  -1.0917E-011  -2.3828E-002   2.3828E-002  -1.1617E-001  -1.1617E-001  -4.3134E-002   7.4701E-014  -8.4281E-005   8.0803E-003  -2.9746E-012  -1.8076E-002   1.8076E-002   2.6655E-002   2.6655E-002   1.8385E-003  -1.8385E-003  -1.3821E-002   1.5096E-002   6.9792E-002  
