-1.4193E-001  -6.1300E-017   1.4454E-016   4.4830E-002  -1.1804E-017   2.9402E-011   6.6055E-016  -2.1844E-017  -7.1518E-016   2.0299E-017   8.0508E-002  -1.5283E-012   1.2424E-016  -6.5076E-006   2.3263E-017   8.8724E-017   1.2411E-015   1.0430E-017  -8.2870E-016  -3.2598E-018   8.1264E-016  -2.6467E-002   2.5489E-003   8.8876E-003  
 7.0951E-002  -7.3593E-001   1.7160E-016   7.2742E-002   2.2090E-015   5.8735E-002   9.1576E-016   6.2650E-004   5.2046E-016   2.2531E-003   7.5112E-002   8.3650E-003  -9.4665E-016  -1.6175E-005  -1.0562E-015   1.3077E-002   3.5578E-016  -5.0114E-004  -5.6895E-017  -6.1521E-006  -1.9990E-016  -2.5166E-002   3.9877E-003   3.1168E-002  
 7.0949E-002  -3.6796E-001  -6.3733E-001   7.2742E-002   5.0872E-002  -2.9368E-002   5.4192E-004   3.1194E-004   3.8937E-006  -2.2599E-003   7.5113E-002  -4.1821E-003   7.2528E-003  -3.6698E-006   7.2318E-006   6.5378E-003   1.1324E-002   4.9512E-004   3.0982E-006  -3.0344E-006  -3.5801E-006  -2.5165E-002   3.9903E-003   2.9652E-002  
 7.0949E-002   3.6796E-001  -6.3733E-001   7.2742E-002  -5.0872E-002  -2.9368E-002   5.4192E-004  -3.1194E-004   3.8927E-006   2.2599E-003   7.5113E-002  -4.1821E-003  -7.2528E-003  -3.6699E-006  -7.2318E-006  -6.5378E-003   1.1324E-002  -4.9512E-004   3.0983E-006   3.0343E-006  -3.5801E-006  -2.5165E-002   3.9903E-003   2.9652E-002  
 7.0951E-002   7.3593E-001  -1.1307E-007   7.2742E-002  -1.7986E-008   5.8735E-002   1.6258E-010  -6.2650E-004   1.0022E-009  -2.2531E-003   7.5112E-002   8.3650E-003  -2.5508E-009  -1.6175E-005  -3.7733E-012  -1.3077E-002   1.9941E-009   5.0114E-004  -2.1390E-010   6.1521E-006   5.5319E-011  -2.5166E-002   3.9877E-003   3.1168E-002  
 7.0949E-002   3.6796E-001   6.3733E-001   7.2742E-002   5.0872E-002  -2.9368E-002  -5.4192E-004  -3.1194E-004  -3.8948E-006   2.2599E-003   7.5113E-002  -4.1821E-003   7.2528E-003  -3.6700E-006   7.2317E-006  -6.5378E-003  -1.1324E-002  -4.9512E-004  -3.0980E-006   3.0342E-006   3.5801E-006  -2.5165E-002   3.9903E-003   2.9652E-002  
 7.0949E-002  -3.6796E-001   6.3733E-001   7.2742E-002  -5.0872E-002  -2.9368E-002  -5.4192E-004   3.1194E-004  -3.8917E-006  -2.2599E-003   7.5113E-002  -4.1821E-003  -7.2528E-003  -3.6699E-006  -7.2318E-006   6.5378E-003  -1.1324E-002   4.9512E-004  -3.0987E-006  -3.0344E-006   3.5801E-006  -2.5165E-002   3.9903E-003   2.9652E-002  
 8.2881E-001  -1.4849E+000  -4.8396E-015   1.5304E-001  -2.3888E-015   2.0750E-001  -4.1735E-015   1.4317E-002   4.7243E-015   2.6369E-002   5.1102E-002   3.5390E-002   1.0262E-015  -2.5929E-004  -5.3621E-015   2.3286E-002  -4.7320E-015  -5.5737E-003   3.2899E-015  -6.8082E-005  -6.4244E-015  -2.0284E-002   1.1040E-002   8.1949E-002  
 8.2876E-001  -7.4244E-001  -1.2860E+000   1.5303E-001   1.7972E-001  -1.0375E-001   1.2400E-002   7.1573E-003   4.8239E-006  -2.6386E-002   5.1105E-002  -1.7694E-002   3.0682E-002   1.1666E-004   2.2343E-004   1.1636E-002   2.0166E-002   5.5539E-003   5.9356E-006  -3.1874E-005   3.5882E-005  -2.0292E-002   1.1063E-002   7.8710E-002  
 8.2876E-001   7.4244E-001  -1.2860E+000   1.5303E-001  -1.7972E-001  -1.0375E-001   1.2400E-002  -7.1573E-003   4.8117E-006   2.6386E-002   5.1105E-002  -1.7694E-002  -3.0682E-002   1.1666E-004  -2.2343E-004  -1.1636E-002   2.0166E-002  -5.5539E-003   5.9383E-006   3.1874E-005   3.5882E-005  -2.0292E-002   1.1063E-002   7.8710E-002  
 8.2881E-001   1.4849E+000  -2.2830E-007   1.5304E-001  -6.3719E-008   2.0750E-001   2.1473E-009  -1.4317E-002   1.2144E-008  -2.6369E-002   5.1102E-002   3.5390E-002  -1.0921E-008  -2.5929E-004   2.3162E-010  -2.3286E-002   3.6115E-009   5.5737E-003  -2.6351E-009   6.8082E-005  -3.8170E-011  -2.0284E-002   1.1040E-002   8.1949E-002  
 8.2876E-001   7.4244E-001   1.2860E+000   1.5303E-001   1.7972E-001  -1.0375E-001  -1.2400E-002  -7.1573E-003  -4.8360E-006   2.6386E-002   5.1105E-002  -1.7694E-002   3.0682E-002   1.1666E-004   2.2343E-004  -1.1636E-002  -2.0166E-002  -5.5539E-003  -5.9330E-006   3.1874E-005  -3.5882E-005  -2.0292E-002   1.1063E-002   7.8710E-002  
 8.2876E-001  -7.4244E-001   1.2860E+000   1.5303E-001  -1.7972E-001  -1.0375E-001  -1.2400E-002   7.1573E-003  -4.7995E-006  -2.6386E-002   5.1105E-002  -1.7694E-002  -3.0682E-002   1.1666E-004  -2.2343E-004   1.1636E-002  -2.0166E-002   5.5539E-003  -5.9408E-006  -3.1874E-005  -3.5882E-005  -2.0292E-002   1.1063E-002   7.8710E-002  
 1.7298E+000  -1.8244E+000   2.4323E-015   1.9057E-001   1.2127E-015   1.9716E-001   6.1624E-015   5.6063E-002  -3.0584E-015   9.1451E-002   6.7700E-003   5.7663E-002  -2.8232E-017  -2.0037E-003  -1.5071E-015   2.1290E-002   5.7287E-015  -1.9351E-002  -5.3887E-015  -8.2385E-004   9.6289E-016  -1.3971E-002   1.9917E-002   1.1205E-001  
 1.7296E+000  -9.1217E-001  -1.5800E+000   1.9054E-001   1.7078E-001  -9.8585E-002   4.8508E-002   2.8006E-002   4.4502E-006  -9.1434E-002   6.7039E-003  -2.8818E-002   4.9973E-002   1.0225E-003   1.7737E-003   1.0611E-002   1.8394E-002   1.9345E-002   1.9846E-005  -4.2016E-004   7.1024E-004  -1.4018E-002   1.9897E-002   1.1143E-001  
 1.7296E+000   9.1217E-001  -1.5800E+000   1.9054E-001  -1.7078E-001  -9.8585E-002   4.8508E-002  -2.8006E-002   4.4079E-006   9.1434E-002   6.7039E-003  -2.8818E-002  -4.9973E-002   1.0225E-003  -1.7737E-003  -1.0611E-002   1.8394E-002  -1.9345E-002   1.9855E-005   4.2016E-004   7.1024E-004  -1.4018E-002   1.9897E-002   1.1143E-001  
 1.7298E+000   1.8244E+000  -2.8010E-007   1.9057E-001  -6.0699E-008   1.9716E-001   8.6775E-009  -5.6063E-002   4.2363E-008  -9.1451E-002   6.7700E-003   5.7663E-002  -1.7966E-008  -2.0037E-003   9.2690E-010  -2.1290E-002   3.4636E-009   1.9351E-002  -8.6416E-009   8.2385E-004  -3.7627E-010  -1.3971E-002   1.9917E-002   1.1205E-001  
 1.7296E+000   9.1217E-001   1.5800E+000   1.9054E-001   1.7078E-001  -9.8585E-002  -4.8508E-002  -2.8006E-002  -4.4926E-006   9.1434E-002   6.7039E-003  -2.8818E-002   4.9973E-002   1.0225E-003   1.7737E-003  -1.0611E-002  -1.8394E-002  -1.9345E-002  -1.9838E-005   4.2016E-004  -7.1024E-004  -1.4018E-002   1.9897E-002   1.1143E-001  
 1.7296E+000  -9.1217E-001   1.5800E+000   1.9054E-001  -1.7078E-001  -9.8585E-002  -4.8508E-002   2.8006E-002  -4.3655E-006  -9.1434E-002   6.7039E-003  -2.8818E-002  -4.9973E-002   1.0225E-003  -1.7737E-003   1.0611E-002  -1.8394E-002   1.9345E-002  -1.9864E-005  -4.2016E-004  -7.1024E-004  -1.4018E-002   1.9897E-002   1.1143E-001  
 2.4169E+000  -1.7592E+000   9.8674E-015   1.3568E-001   3.1914E-015  -7.5646E-002   1.5595E-014   1.2034E-001  -1.1999E-014   1.8621E-001  -5.2062E-002   5.4007E-002  -5.9612E-015  -7.8089E-003   1.2861E-014   3.4320E-003   2.8327E-014  -4.2294E-002  -2.3688E-014  -3.2518E-003   2.0311E-014  -1.2674E-002   2.3724E-002   1.1451E-001  
 2.4166E+000  -8.7959E-001  -1.5236E+000   1.3574E-001  -6.5295E-002   3.7685E-002   1.0424E-001   6.0131E-002  -6.5689E-005  -1.8617E-001  -5.2059E-002  -2.7063E-002   4.6825E-002   3.9705E-003   6.7719E-003   1.6610E-003   3.0384E-003   4.2217E-002  -2.6012E-005  -1.6561E-003   2.8633E-003  -1.2669E-002   2.3770E-002   1.1574E-001  
 2.4166E+000   8.7959E-001  -1.5236E+000   1.3574E-001   6.5295E-002   3.7685E-002   1.0424E-001  -6.0131E-002  -6.5777E-005   1.8617E-001  -5.2059E-002  -2.7063E-002  -4.6825E-002   3.9705E-003  -6.7719E-003  -1.6610E-003   3.0384E-003  -4.2217E-002  -2.5994E-005   1.6561E-003   2.8633E-003  -1.2669E-002   2.3770E-002   1.1574E-001  
 2.4169E+000   1.7592E+000  -2.6946E-007   1.3568E-001   2.1866E-008  -7.5646E-002   1.9232E-008  -1.2034E-001   8.7376E-008  -1.8621E-001  -5.2062E-002   5.4007E-002  -1.8199E-008  -7.8089E-003   3.1307E-009  -3.4320E-003   1.4143E-009   4.2294E-002  -1.7680E-008   3.2518E-003  -1.3612E-009  -1.2674E-002   2.3724E-002   1.1451E-001  
 2.4166E+000   8.7959E-001   1.5236E+000   1.3574E-001  -6.5295E-002   3.7685E-002  -1.0424E-001  -6.0131E-002   6.5602E-005   1.8617E-001  -5.2059E-002  -2.7063E-002   4.6825E-002   3.9705E-003   6.7719E-003  -1.6610E-003  -3.0384E-003  -4.2217E-002   2.6030E-005   1.6561E-003  -2.8633E-003  -1.2669E-002   2.3770E-002   1.1574E-001  
 2.4166E+000  -8.7959E-001   1.5236E+000   1.3574E-001   6.5295E-002   3.7685E-002  -1.0424E-001   6.0131E-002   6.5864E-005  -1.8617E-001  -5.2059E-002  -2.7063E-002  -4.6825E-002   3.9705E-003  -6.7719E-003   1.6610E-003  -3.0384E-003   4.2217E-002   2.5977E-005  -1.6561E-003  -2.8633E-003  -1.2669E-002   2.3770E-002   1.1574E-001  
 2.7762E+000  -1.5416E+000   1.4329E-014   4.7891E-002  -2.7362E-015  -4.0428E-001   1.8196E-014   1.7685E-001  -1.9381E-014   2.6726E-001  -1.0030E-001   3.5407E-002  -3.3607E-015  -1.3410E-002   9.4551E-015  -1.6698E-002   3.0185E-014  -6.1882E-002  -1.9182E-014  -4.4605E-003   2.1596E-014  -1.3694E-002   2.5137E-002   1.2258E-001  
 2.7758E+000  -7.7090E-001  -1.3354E+000   4.7931E-002  -3.4969E-001   2.0197E-001   1.5313E-001   8.8386E-002  -3.6934E-005  -2.6717E-001  -1.0032E-001  -1.7714E-002   3.0738E-002   6.7646E-003   1.1668E-002  -8.4032E-003  -1.4450E-002   6.1840E-002   2.8658E-005  -2.2498E-003   3.8499E-003  -1.3797E-002   2.5157E-002   1.2948E-001  
 2.7758E+000   7.7090E-001  -1.3354E+000   4.7931E-002   3.4969E-001   2.0197E-001   1.5313E-001  -8.8386E-002  -3.7060E-005   2.6717E-001  -1.0032E-001  -1.7714E-002  -3.0738E-002   6.7646E-003  -1.1668E-002   8.4032E-003  -1.4450E-002  -6.1840E-002   2.8683E-005   2.2498E-003   3.8499E-003  -1.3797E-002   2.5157E-002   1.2948E-001  
 2.7762E+000   1.5416E+000  -2.3516E-007   4.7891E-002   1.2143E-007  -4.0428E-001   2.8899E-008  -1.7685E-001   1.2625E-007  -2.6726E-001  -1.0030E-001   3.5407E-002  -1.4142E-008  -1.3410E-002   5.7273E-009   1.6698E-002  -4.9846E-010   6.1882E-002  -2.5626E-008   4.4605E-003  -2.4269E-009  -1.3694E-002   2.5137E-002   1.2258E-001  
 2.7758E+000   7.7090E-001   1.3354E+000   4.7931E-002  -3.4969E-001   2.0197E-001  -1.5313E-001  -8.8386E-002   3.6808E-005   2.6717E-001  -1.0032E-001  -1.7714E-002   3.0738E-002   6.7646E-003   1.1668E-002   8.4032E-003   1.4450E-002  -6.1840E-002  -2.8632E-005   2.2498E-003  -3.8499E-003  -1.3797E-002   2.5157E-002   1.2948E-001  
 2.7758E+000  -7.7090E-001   1.3354E+000   4.7931E-002   3.4969E-001   2.0197E-001  -1.5313E-001   8.8386E-002   3.7186E-005  -2.6717E-001  -1.0032E-001  -1.7714E-002  -3.0738E-002   6.7646E-003  -1.1668E-002  -8.4032E-003   1.4450E-002   6.1840E-002  -2.8709E-005  -2.2498E-003  -3.8499E-003  -1.3797E-002   2.5157E-002   1.2948E-001  
 2.7121E+000  -1.1273E+000  -1.1273E+000   6.8109E-002  -3.3125E-001  -1.6868E-011   1.1665E-001   1.1665E-001   1.7696E-001  -1.7696E-001  -9.0424E-002   5.8466E-013   4.0090E-002   1.2382E-002   4.7221E-012  -8.7122E-003  -8.7122E-003   4.0939E-002  -4.0939E-002   3.0613E-003   3.0613E-003  -1.3428E-002   2.4926E-002   1.1946E-001  
 2.7121E+000   1.1273E+000  -1.1273E+000   6.8109E-002   3.3125E-001  -1.6862E-011   1.1665E-001  -1.1665E-001   1.7696E-001   1.7696E-001  -9.0424E-002   5.8955E-013  -4.0090E-002   1.2382E-002  -4.7187E-012   8.7122E-003  -8.7122E-003  -4.0939E-002  -4.0939E-002  -3.0613E-003   3.0613E-003  -1.3428E-002   2.4926E-002   1.1946E-001  
 2.7121E+000   1.1273E+000   1.1273E+000   6.8109E-002  -3.3125E-001  -1.6863E-011  -1.1665E-001  -1.1665E-001  -1.7696E-001   1.7696E-001  -9.0424E-002   5.8474E-013   4.0090E-002   1.2382E-002   4.7205E-012   8.7122E-003   8.7122E-003  -4.0939E-002   4.0939E-002  -3.0613E-003  -3.0613E-003  -1.3428E-002   2.4926E-002   1.1946E-001  
 2.7121E+000  -1.1273E+000   1.1273E+000   6.8109E-002   3.3125E-001  -1.6866E-011  -1.1665E-001   1.1665E-001  -1.7696E-001  -1.7696E-001  -9.0424E-002   5.8731E-013  -4.0090E-002   1.2382E-002  -4.7224E-012  -8.7122E-003   8.7122E-003   4.0939E-002   4.0939E-002   3.0613E-003  -3.0613E-003  -1.3428E-002   2.4926E-002   1.1946E-001  
