-7.7358E-001  -1.3471E-016   1.8445E-015  -3.6889E-002   5.2399E-017   1.4959E-011   3.5012E-015  -3.9562E-017  -3.7649E-015   4.7887E-016   5.5456E-002  -7.2651E-014   3.1349E-017  -2.5153E-006  -4.6634E-017   1.2241E-016   5.8401E-015  -1.5768E-016  -4.0535E-015  -3.5338E-017   3.6519E-015  -1.8478E-002   1.3056E-003   4.8462E-003  
-6.5796E-001  -3.8604E-001  -3.3011E-015  -2.0874E-002  -8.9793E-016   3.7097E-002  -1.8623E-015  -1.5978E-002   2.2109E-015   1.1686E-003   5.2581E-002   2.8174E-003  -5.3475E-017  -8.6848E-006  -7.8509E-017   2.4154E-003  -1.4908E-015  -2.6184E-004   1.4010E-015  -2.5870E-006  -1.8832E-015  -1.7852E-002   1.9260E-003   1.3237E-002  
-6.5796E-001  -1.9302E-001  -3.3432E-001  -2.0873E-002   3.2129E-002  -1.8548E-002  -1.3838E-002  -7.9898E-003   1.6239E-006  -1.1714E-003   5.2582E-002  -1.4084E-003   2.4441E-003  -3.2769E-007   4.8711E-006   1.2075E-003   2.0912E-003   2.5994E-004   8.8128E-007  -1.2780E-006  -1.3416E-006  -1.7851E-002   1.9271E-003   1.2570E-002  
-6.5796E-001   1.9302E-001  -3.3432E-001  -2.0873E-002  -3.2129E-002  -1.8548E-002  -1.3838E-002   7.9898E-003   1.6234E-006   1.1714E-003   5.2582E-002  -1.4085E-003  -2.4441E-003  -3.2772E-007  -4.8711E-006  -1.2075E-003   2.0912E-003  -2.5994E-004   8.8138E-007   1.2780E-006  -1.3416E-006  -1.7851E-002   1.9271E-003   1.2570E-002  
-6.5796E-001   3.8604E-001  -5.9311E-008  -2.0874E-002  -1.1367E-008   3.7097E-002  -2.4232E-009   1.5978E-002   5.1760E-010  -1.1686E-003   5.2581E-002   2.8174E-003  -8.5648E-010  -8.6848E-006   6.6480E-013  -2.4154E-003   3.6691E-010   2.6184E-004  -1.1654E-010   2.5870E-006   2.7274E-011  -1.7852E-002   1.9260E-003   1.3237E-002  
-6.5796E-001   1.9302E-001   3.3432E-001  -2.0873E-002   3.2129E-002  -1.8548E-002   1.3838E-002   7.9898E-003  -1.6244E-006   1.1714E-003   5.2582E-002  -1.4084E-003   2.4441E-003  -3.2775E-007   4.8710E-006  -1.2075E-003  -2.0912E-003  -2.5994E-004  -8.8118E-007   1.2780E-006   1.3416E-006  -1.7851E-002   1.9271E-003   1.2570E-002  
-6.5796E-001  -1.9302E-001   3.3432E-001  -2.0873E-002  -3.2129E-002  -1.8548E-002   1.3838E-002  -7.9898E-003  -1.6228E-006  -1.1714E-003   5.2582E-002  -1.4085E-003  -2.4441E-003  -3.2771E-007  -4.8710E-006   1.2075E-003  -2.0912E-003   2.5994E-004  -8.8161E-007  -1.2780E-006   1.3416E-006  -1.7851E-002   1.9271E-003   1.2570E-002  
-2.4087E-001  -7.7225E-001   2.8505E-015   2.7836E-002  -7.4529E-017   1.4252E-001   1.3337E-015  -2.6513E-002  -6.6033E-016   1.3607E-002   3.9895E-002   1.0902E-002  -1.1001E-015  -1.6143E-004   1.1571E-015   2.4355E-003   1.7785E-015  -2.9027E-003  -2.5011E-015  -3.4506E-005   5.4296E-016  -1.5542E-002   5.0405E-003   3.5837E-002  
-2.4090E-001  -3.8611E-001  -6.6878E-001   2.7831E-002   1.2344E-001  -7.1262E-002  -2.2960E-002  -1.3256E-002   1.7461E-006  -1.3614E-002   3.9897E-002  -5.4506E-003   9.4574E-003   7.5072E-005   1.3956E-004   1.2143E-003   2.1090E-003   2.8957E-003   1.5297E-006  -1.6151E-005   2.0612E-005  -1.5547E-002   5.0507E-003   3.4393E-002  
-2.4090E-001   3.8611E-001  -6.6878E-001   2.7831E-002  -1.2344E-001  -7.1262E-002  -2.2960E-002   1.3256E-002   1.7398E-006   1.3614E-002   3.9897E-002  -5.4506E-003  -9.4574E-003   7.5072E-005  -1.3956E-004  -1.2143E-003   2.1090E-003  -2.8957E-003   1.5311E-006   1.6151E-005   2.0612E-005  -1.5547E-002   5.0507E-003   3.4393E-002  
-2.4087E-001   7.7225E-001  -1.1872E-007   2.7836E-002  -4.3767E-008   1.4252E-001  -4.1008E-009   2.6513E-002   6.2679E-009  -1.3607E-002   3.9895E-002   1.0902E-002  -3.3810E-009  -1.6143E-004   1.3638E-010  -2.4355E-003   3.9764E-010   2.9027E-003  -1.3785E-009   3.4506E-005  -2.1276E-011  -1.5542E-002   5.0405E-003   3.5837E-002  
-2.4090E-001   3.8611E-001   6.6878E-001   2.7831E-002   1.2344E-001  -7.1262E-002   2.2960E-002   1.3256E-002  -1.7524E-006   1.3614E-002   3.9897E-002  -5.4506E-003   9.4574E-003   7.5072E-005   1.3956E-004  -1.2143E-003  -2.1090E-003  -2.8957E-003  -1.5283E-006   1.6151E-005  -2.0612E-005  -1.5547E-002   5.0507E-003   3.4393E-002  
-2.4090E-001  -3.8611E-001   6.6878E-001   2.7831E-002  -1.2344E-001  -7.1262E-002   2.2960E-002  -1.3256E-002  -1.7336E-006  -1.3614E-002   3.9897E-002  -5.4506E-003  -9.4574E-003   7.5072E-005  -1.3956E-004   1.2143E-003  -2.1090E-003   2.8957E-003  -1.5324E-006  -1.6151E-005  -2.0612E-005  -1.5547E-002   5.0507E-003   3.4393E-002  
 2.7134E-001  -9.3456E-001   1.3154E-015   6.0431E-002  -3.4288E-016   1.8472E-001  -6.8661E-016  -1.6229E-002  -7.3727E-016   4.6956E-002   1.6832E-002   1.3929E-002  -1.8029E-015  -1.1294E-003   1.1023E-015  -3.0913E-003   2.6797E-016  -9.9933E-003  -6.9222E-016  -3.9058E-004   8.3704E-016  -1.2651E-002   9.0000E-003   4.9272E-002  
 2.7123E-001  -4.6725E-001  -8.0937E-001   6.0415E-002   1.5998E-001  -9.2365E-002  -1.4072E-002  -8.1223E-003   1.1267E-006  -4.6946E-002   1.6804E-002  -6.9582E-003   1.2080E-002   5.7381E-004   9.9521E-004  -1.5616E-003  -2.6978E-003   9.9901E-003   8.4330E-006  -1.9909E-004   3.3772E-004  -1.2674E-002   8.9924E-003   4.9151E-002  
 2.7123E-001   4.6725E-001  -8.0937E-001   6.0415E-002  -1.5998E-001  -9.2365E-002  -1.4072E-002   8.1223E-003   1.1050E-006   4.6946E-002   1.6804E-002  -6.9582E-003  -1.2080E-002   5.7381E-004  -9.9521E-004   1.5616E-003  -2.6978E-003  -9.9901E-003   8.4375E-006   1.9909E-004   3.3772E-004  -1.2674E-002   8.9924E-003   4.9151E-002  
 2.7134E-001   9.3456E-001  -1.4348E-007   6.0431E-002  -5.6786E-008   1.8472E-001  -2.4886E-009   1.6229E-002   2.1746E-008  -4.6956E-002   1.6832E-002   1.3929E-002  -4.4236E-009  -1.1294E-003   5.6097E-010   3.0913E-003  -3.6149E-010   9.9933E-003  -4.5076E-009   3.9058E-004  -1.9000E-010  -1.2651E-002   9.0000E-003   4.9272E-002  
 2.7123E-001   4.6726E-001   8.0937E-001   6.0415E-002   1.5998E-001  -9.2365E-002   1.4072E-002   8.1223E-003  -1.1484E-006   4.6946E-002   1.6804E-002  -6.9582E-003   1.2080E-002   5.7381E-004   9.9521E-004   1.5616E-003   2.6978E-003  -9.9901E-003  -8.4286E-006   1.9909E-004  -3.3772E-004  -1.2674E-002   8.9924E-003   4.9151E-002  
 2.7123E-001  -4.6725E-001   8.0937E-001   6.0415E-002  -1.5998E-001  -9.2365E-002   1.4072E-002  -8.1223E-003  -1.0832E-006  -4.6946E-002   1.6804E-002  -6.9582E-003  -1.2080E-002   5.7381E-004  -9.9521E-004  -1.5616E-003   2.6978E-003   9.9901E-003  -8.4421E-006  -1.9910E-004  -3.3772E-004  -1.2674E-002   8.9924E-003   4.9151E-002  
 6.8401E-001  -8.8129E-001   1.8968E-015   4.8788E-002  -2.9227E-015   9.8460E-002   4.8269E-015   1.1858E-002  -2.3401E-015   9.5454E-002  -1.3242E-002   4.1148E-003   6.4094E-016  -4.0426E-003   1.8230E-015  -1.5129E-002   7.3271E-015  -2.1499E-002  -4.7337E-015  -1.4822E-003   4.5119E-015  -1.1985E-002   1.0774E-002   4.9830E-002  
 6.8381E-001  -4.4065E-001  -7.6328E-001   4.8811E-002   8.5345E-002  -4.9295E-002   1.0279E-002   5.9134E-003  -3.1148E-005  -9.5435E-002  -1.3243E-002  -2.0844E-003   3.5942E-003   2.0505E-003   3.5048E-003  -7.5868E-003  -1.3069E-002   2.1465E-002  -1.1236E-005  -7.5456E-004   1.3052E-003  -1.1983E-002   1.0794E-002   5.0258E-002  
 6.8381E-001   4.4065E-001  -7.6328E-001   4.8811E-002  -8.5345E-002  -4.9295E-002   1.0279E-002  -5.9134E-003  -3.1193E-005   9.5435E-002  -1.3243E-002  -2.0844E-003  -3.5942E-003   2.0505E-003  -3.5048E-003   7.5868E-003  -1.3069E-002  -2.1465E-002  -1.1227E-005   7.5456E-004   1.3052E-003  -1.1983E-002   1.0794E-002   5.0258E-002  
 6.8401E-001   8.8129E-001  -1.3501E-007   4.8788E-002  -3.0821E-008   9.8460E-002   2.1068E-009  -1.1858E-002   4.4673E-008  -9.5454E-002  -1.3242E-002   4.1148E-003  -2.0185E-009  -4.0426E-003   1.7612E-009   1.5129E-002  -1.8993E-009   2.1499E-002  -9.1548E-009   1.4822E-003  -6.5032E-010  -1.1985E-002   1.0774E-002   4.9830E-002  
 6.8381E-001   4.4065E-001   7.6328E-001   4.8811E-002   8.5345E-002  -4.9295E-002  -1.0279E-002  -5.9134E-003   3.1103E-005   9.5435E-002  -1.3243E-002  -2.0844E-003   3.5942E-003   2.0505E-003   3.5048E-003   7.5868E-003   1.3069E-002  -2.1465E-002   1.1245E-005   7.5456E-004  -1.3052E-003  -1.1983E-002   1.0794E-002   5.0258E-002  
 6.8381E-001  -4.4065E-001   7.6328E-001   4.8811E-002  -8.5345E-002  -4.9295E-002  -1.0279E-002   5.9133E-003   3.1237E-005  -9.5435E-002  -1.3243E-002  -2.0844E-003  -3.5942E-003   2.0505E-003  -3.5048E-003  -7.5868E-003   1.3069E-002   2.1465E-002   1.1218E-005  -7.5456E-004  -1.3052E-003  -1.1983E-002   1.0794E-002   5.0258E-002  
 9.1469E-001  -7.5332E-001   8.1852E-015   1.6933E-002  -2.6009E-015  -3.0192E-002   5.3317E-015   3.9816E-002  -5.5338E-015   1.3696E-001  -3.7609E-002  -1.0349E-002  -2.6067E-015  -6.7980E-003   4.2929E-015  -2.6638E-002   9.0681E-015  -3.1194E-002  -8.4409E-015  -2.0120E-003   6.8420E-015  -1.2338E-002   1.1511E-002   5.3445E-002  
 9.1443E-001  -3.7672E-001  -6.5258E-001   1.6939E-002  -2.5980E-002   1.5010E-002   3.4467E-002   1.9893E-002  -2.0387E-005  -1.3691E-001  -3.7614E-002   5.1683E-003  -8.9219E-003   3.4261E-003   5.9129E-003  -1.3343E-002  -2.3062E-002   3.1176E-002   1.4879E-005  -1.0144E-003   1.7370E-003  -1.2388E-002   1.1517E-002   5.6278E-002  
 9.1443E-001   3.7672E-001  -6.5258E-001   1.6939E-002   2.5980E-002   1.5010E-002   3.4467E-002  -1.9893E-002  -2.0452E-005   1.3691E-001  -3.7614E-002   5.1683E-003   8.9219E-003   3.4261E-003  -5.9129E-003   1.3343E-002  -2.3062E-002  -3.1176E-002   1.4892E-005   1.0144E-003   1.7370E-003  -1.2388E-002   1.1517E-002   5.6278E-002  
 9.1469E-001   7.5332E-001  -1.1499E-007   1.6933E-002   8.1363E-009  -3.0192E-002   6.8108E-009  -3.9816E-002   6.4433E-008  -1.3696E-001  -3.7609E-002  -1.0349E-002   1.7075E-009  -6.7980E-003   3.1216E-009   2.6638E-002  -3.1307E-009   3.1194E-002  -1.3185E-008   2.0120E-003  -1.1436E-009  -1.2338E-002   1.1511E-002   5.3445E-002  
 9.1443E-001   3.7672E-001   6.5258E-001   1.6939E-002  -2.5980E-002   1.5010E-002  -3.4467E-002  -1.9893E-002   2.0323E-005   1.3691E-001  -3.7614E-002   5.1683E-003  -8.9219E-003   3.4261E-003   5.9129E-003   1.3343E-002   2.3062E-002  -3.1176E-002  -1.4866E-005   1.0144E-003  -1.7370E-003  -1.2388E-002   1.1517E-002   5.6278E-002  
 9.1443E-001  -3.7672E-001   6.5258E-001   1.6939E-002   2.5980E-002   1.5010E-002  -3.4467E-002   1.9893E-002   2.0516E-005  -1.3691E-001  -3.7614E-002   5.1683E-003   8.9219E-003   3.4261E-003  -5.9129E-003  -1.3343E-002   2.3062E-002   3.1176E-002  -1.4905E-005  -1.0144E-003  -1.7370E-003  -1.2388E-002   1.1517E-002   5.6278E-002  
 8.7244E-001  -5.5412E-001  -5.5412E-001   2.4598E-002  -7.4737E-004  -8.2853E-012   2.3903E-002   2.3903E-002   9.0691E-002  -9.0691E-002  -3.2634E-002   3.0456E-013  -7.0194E-003   6.2869E-003   1.7833E-012  -1.7117E-002  -1.7117E-002   2.0666E-002  -2.0666E-002   1.3819E-003   1.3819E-003  -1.2245E-002   1.1394E-002   5.1873E-002  
 8.7244E-001   5.5412E-001  -5.5412E-001   2.4598E-002   7.4737E-004  -8.2874E-012   2.3903E-002  -2.3903E-002   9.0691E-002   9.0691E-002  -3.2634E-002   3.0342E-013   7.0194E-003   6.2869E-003  -1.7812E-012   1.7117E-002  -1.7117E-002  -2.0666E-002  -2.0666E-002  -1.3819E-003   1.3819E-003  -1.2245E-002   1.1394E-002   5.1873E-002  
 8.7244E-001   5.5412E-001   5.5412E-001   2.4598E-002  -7.4737E-004  -8.2865E-012  -2.3903E-002  -2.3903E-002  -9.0691E-002   9.0691E-002  -3.2634E-002   3.0265E-013  -7.0194E-003   6.2869E-003   1.7834E-012   1.7117E-002   1.7117E-002  -2.0666E-002   2.0666E-002  -1.3819E-003  -1.3819E-003  -1.2245E-002   1.1394E-002   5.1873E-002  
 8.7244E-001  -5.5412E-001   5.5412E-001   2.4598E-002   7.4737E-004  -8.2851E-012  -2.3903E-002   2.3903E-002  -9.0691E-002  -9.0691E-002  -3.2634E-002   3.0547E-013   7.0194E-003   6.2869E-003  -1.7850E-012  -1.7117E-002   1.7117E-002   2.0666E-002   2.0666E-002   1.3819E-003  -1.3819E-003  -1.2245E-002   1.1394E-002   5.1873E-002  
